0.000000000	  0.190 	  -76.52 	 
0.000200000	  0.190 	  -75.88 	 
0.000400000	  0.191 	  -75.26 	 
0.000600000	  0.191 	  -74.61 	 
0.000800000	  0.191 	  -73.97 	 
0.001000000	  0.192 	  -73.30 	 
0.001200000	  0.192 	  -72.62 	 
0.001400000	  0.193 	  -71.96 	 
0.001600000	  0.194 	  -71.27 	 
0.001800000	  0.194 	  -70.55 	 
0.002000000	  0.194 	  -69.85 	 
0.002200000	  0.195 	  -69.13 	 
0.002400000	  0.196 	  -68.40 	 
0.002600000	  0.196 	  -67.66 	 
0.002800000	  0.196 	  -66.95 	 
0.003000000	  0.197 	  -66.26 	 
0.003200000	  0.198 	  -65.54 	 
0.003400000	  0.199 	  -64.71 	 
0.003600000	  0.199 	  -63.78 	 
0.003800000	  0.199 	  -62.88 	 
0.004000000	  0.201 	  -62.09 	 
0.004200000	  0.201 	  -61.36 	 
0.004400000	  0.202 	  -60.60 	 
0.004600000	  0.202 	  -59.82 	 
0.004800000	  0.203 	  -59.04 	 
0.005000000	  0.204 	  -58.26 	 
0.005200000	  0.205 	  -57.48 	 
0.005400000	  0.205 	  -56.69 	 
0.005600000	  0.206 	  -55.93 	 
0.005800000	  0.207 	  -55.21 	 
0.006000000	  0.207 	  -54.49 	 
0.006200000	  0.208 	  -53.78 	 
0.006400000	  0.209 	  -53.05 	 
0.006600000	  0.210 	  -52.36 	 
0.006800000	  0.211 	  -51.70 	 
0.007000000	  0.211 	  -51.01 	 
0.007200000	  0.212 	  -50.31 	 
0.007400000	  0.213 	  -49.61 	 
0.007600000	  0.213 	  -49.00 	 
0.007800000	  0.214 	  -48.37 	 
0.008000000	  0.215 	  -47.74 	 
0.008200000	  0.216 	  -47.14 	 
0.008400000	  0.217 	  -46.58 	 
0.008600000	  0.217 	  -46.00 	 
0.008800000	  0.218 	  -45.45 	 
0.009000000	  0.219 	  -44.89 	 
0.009200000	  0.220 	  -44.32 	 
0.009400000	  0.220 	  -43.70 	 
0.009600000	  0.221 	  -43.18 	 
0.009800000	  0.222 	  -42.77 	 
0.010000000	  0.221 	  -42.40 	 
0.010200000	  0.222 	  -42.07 	 
0.010400000	  0.223 	  -41.69 	 
0.010600000	  0.223 	  -41.26 	 
0.010800000	  0.224 	  -40.82 	 
0.011000000	  0.225 	  -40.38 	 
0.011200000	  0.226 	  -39.97 	 
0.011400000	  0.226 	  -39.57 	 
0.011600000	  0.227 	  -39.22 	 
0.011800000	  0.227 	  -38.92 	 
0.012000000	  0.227 	  -38.69 	 
0.012200000	  0.228 	  -38.56 	 
0.012400000	  0.229 	  -38.44 	 
0.012600000	  0.229 	  -38.36 	 
0.012800000	  0.229 	  -38.27 	 
0.013000000	  0.229 	  -38.16 	 
0.013200000	  0.230 	  -38.04 	 
0.013400000	  0.230 	  -37.93 	 
0.013600000	  0.231 	  -37.82 	 
0.013800000	  0.231 	  -37.77 	 
0.014000000	  0.231 	  -37.73 	 
0.014200000	  0.231 	  -37.75 	 
0.014400000	  0.231 	  -37.79 	 
0.014600000	  0.231 	  -37.87 	 
0.014800000	  0.231 	  -37.97 	 
0.015000000	  0.231 	  -38.07 	 
0.015200000	  0.231 	  -38.18 	 
0.015400000	  0.231 	  -38.29 	 
0.015600000	  0.231 	  -38.38 	 
0.015800000	  0.231 	  -38.52 	 
0.016000000	  0.232 	  -38.67 	 
0.016200000	  0.231 	  -38.89 	 
0.016400000	  0.231 	  -39.13 	 
0.016600000	  0.231 	  -39.42 	 
0.016800000	  0.231 	  -39.73 	 
0.017000000	  0.231 	  -40.04 	 
0.017200000	  0.231 	  -40.38 	 
0.017400000	  0.231 	  -40.71 	 
0.017600000	  0.230 	  -41.08 	 
0.017800000	  0.230 	  -41.44 	 
0.018000000	  0.230 	  -41.83 	 
0.018200000	  0.230 	  -42.24 	 
0.018400000	  0.229 	  -42.70 	 
0.018600000	  0.229 	  -43.18 	 
0.018800000	  0.229 	  -43.68 	 
0.019000000	  0.228 	  -44.22 	 
0.019200000	  0.228 	  -44.74 	 
0.019400000	  0.228 	  -45.32 	 
0.019600000	  0.226 	  -45.89 	 
0.019799999	  0.226 	  -46.47 	 
0.019999999	  0.227 	  -47.03 	 
0.020199999	  0.225 	  -47.63 	 
0.020399999	  0.225 	  -48.23 	 
0.020599999	  0.225 	  -48.84 	 
0.020799999	  0.224 	  -49.49 	 
0.020999999	  0.223 	  -50.17 	 
0.021199999	  0.223 	  -50.87 	 
0.021399999	  0.222 	  -51.58 	 
0.021599999	  0.222 	  -52.30 	 
0.021799999	  0.221 	  -53.00 	 
0.021999999	  0.221 	  -53.72 	 
0.022199999	  0.220 	  -54.44 	 
0.022399999	  0.219 	  -55.17 	 
0.022599999	  0.219 	  -55.90 	 
0.022799999	  0.218 	  -56.69 	 
0.022999999	  0.217 	  -57.45 	 
0.023199999	  0.217 	  -58.22 	 
0.023399999	  0.216 	  -58.96 	 
0.023599999	  0.215 	  -59.72 	 
0.023799999	  0.214 	  -60.46 	 
0.023999999	  0.214 	  -61.23 	 
0.024199999	  0.213 	  -62.01 	 
0.024399999	  0.212 	  -62.75 	 
0.024599999	  0.212 	  -63.51 	 
0.024799999	  0.211 	  -64.28 	 
0.024999999	  0.209 	  -65.01 	 
0.025199999	  0.210 	  -65.77 	 
0.025399999	  0.208 	  -66.50 	 
0.025599999	  0.208 	  -67.25 	 
0.025799999	  0.207 	  -67.99 	 
0.025999999	  0.206 	  -68.75 	 
0.026199999	  0.205 	  -69.50 	 
0.026399999	  0.205 	  -70.22 	 
0.026599999	  0.204 	  -70.89 	 
0.026799999	  0.203 	  -71.54 	 
0.026999999	  0.202 	  -72.22 	 
0.027199999	  0.202 	  -72.87 	 
0.027399999	  0.201 	  -73.51 	 
0.027599999	  0.200 	  -74.17 	 
0.027799999	  0.200 	  -74.81 	 
0.027999999	  0.199 	  -75.43 	 
0.028199999	  0.198 	  -76.06 	 
0.028399999	  0.198 	  -76.67 	 
0.028599999	  0.197 	  -77.23 	 
0.028799999	  0.197 	  -77.79 	 
0.028999999	  0.196 	  -78.33 	 
0.029199999	  0.196 	  -78.86 	 
0.029399999	  0.194 	  -79.40 	 
0.029599999	  0.194 	  -79.89 	 
0.029799999	  0.194 	  -80.35 	 
0.029999999	  0.193 	  -80.79 	 
0.030199999	  0.192 	  -81.22 	 
0.030399999	  0.192 	  -81.62 	 
0.030599999	  0.192 	  -82.03 	 
0.030799999	  0.191 	  -82.41 	 
0.030999999	  0.190 	  -82.78 	 
0.031199999	  0.190 	  -83.12 	 
0.031399999	  0.189 	  -83.42 	 
0.031599999	  0.189 	  -83.70 	 
0.031799999	  0.189 	  -83.99 	 
0.031999999	  0.189 	  -84.26 	 
0.032199999	  0.188 	  -84.50 	 
0.032399999	  0.188 	  -84.70 	 
0.032599999	  0.187 	  -84.89 	 
0.032799999	  0.188 	  -85.05 	 
0.032999999	  0.187 	  -85.17 	 
0.033199999	  0.187 	  -85.28 	 
0.033399999	  0.187 	  -85.36 	 
0.033599999	  0.187 	  -85.43 	 
0.033799999	  0.186 	  -85.48 	 
0.033999999	  0.186 	  -85.51 	 
0.034199999	  0.186 	  -85.48 	 
0.034399999	  0.186 	  -85.47 	 
0.034599999	  0.186 	  -85.41 	 
0.034799999	  0.186 	  -85.37 	 
0.034999999	  0.186 	  -85.31 	 
0.035199999	  0.186 	  -85.23 	 
0.035399999	  0.186 	  -85.11 	 
0.035599999	  0.186 	  -85.01 	 
0.035799999	  0.186 	  -84.80 	 
0.035999999	  0.186 	  -84.63 	 
0.036199999	  0.186 	  -84.43 	 
0.036399999	  0.186 	  -84.21 	 
0.036599999	  0.186 	  -83.98 	 
0.036799999	  0.185 	  -83.73 	 
0.036999999	  0.186 	  -83.43 	 
0.037199999	  0.187 	  -83.11 	 
0.037399999	  0.187 	  -82.76 	 
0.037599999	  0.187 	  -82.37 	 
0.037799999	  0.187 	  -81.98 	 
0.037999999	  0.187 	  -81.58 	 
0.038199999	  0.187 	  -81.18 	 
0.038399999	  0.188 	  -80.76 	 
0.038599999	  0.188 	  -80.30 	 
0.038799999	  0.188 	  -79.85 	 
0.038999999	  0.189 	  -79.36 	 
0.039199999	  0.188 	  -78.83 	 
0.039399999	  0.188 	  -78.29 	 
0.039599999	  0.189 	  -77.70 	 
0.039799999	  0.190 	  -77.13 	 
0.039999999	  0.190 	  -76.49 	 
0.040199999	  0.190 	  -75.87 	 
0.040399999	  0.191 	  -75.24 	 
0.040599999	  0.191 	  -74.60 	 
0.040799999	  0.192 	  -73.97 	 
0.040999999	  0.192 	  -73.32 	 
0.041199999	  0.193 	  -72.64 	 
0.041399999	  0.192 	  -71.96 	 
0.041599999	  0.193 	  -71.28 	 
0.041799999	  0.194 	  -70.55 	 
0.041999999	  0.194 	  -69.83 	 
0.042199999	  0.195 	  -69.11 	 
0.042399999	  0.195 	  -68.40 	 
0.042599999	  0.196 	  -67.68 	 
0.042799999	  0.197 	  -66.98 	 
0.042999999	  0.197 	  -66.29 	 
0.043199999	  0.198 	  -65.61 	 
0.043399999	  0.198 	  -64.81 	 
0.043599999	  0.199 	  -63.93 	 
0.043799999	  0.200 	  -63.00 	 
0.043999999	  0.201 	  -62.08 	 
0.044199999	  0.201 	  -61.20 	 
0.044399999	  0.202 	  -60.36 	 
0.044599999	  0.203 	  -59.60 	 
0.044799999	  0.203 	  -58.90 	 
0.044999999	  0.204 	  -58.19 	 
0.045199999	  0.205 	  -57.52 	 
0.045399999	  0.205 	  -56.86 	 
0.045599999	  0.206 	  -56.11 	 
0.045799999	  0.207 	  -55.36 	 
0.045999999	  0.207 	  -54.52 	 
0.046199999	  0.208 	  -53.74 	 
0.046399999	  0.209 	  -53.01 	 
0.046599999	  0.210 	  -52.33 	 
0.046799999	  0.211 	  -51.66 	 
0.046999999	  0.211 	  -51.00 	 
0.047199999	  0.212 	  -50.35 	 
0.047399999	  0.213 	  -49.69 	 
0.047599999	  0.214 	  -49.08 	 
0.047799999	  0.214 	  -48.42 	 
0.047999999	  0.215 	  -47.77 	 
0.048199999	  0.216 	  -47.13 	 
0.048399999	  0.216 	  -46.51 	 
0.048599999	  0.217 	  -45.87 	 
0.048799999	  0.218 	  -45.29 	 
0.048999999	  0.219 	  -44.74 	 
0.049199999	  0.219 	  -44.24 	 
0.049399999	  0.220 	  -43.78 	 
0.049599999	  0.221 	  -43.35 	 
0.049799999	  0.221 	  -42.90 	 
0.049999999	  0.222 	  -42.46 	 
0.050199999	  0.222 	  -42.00 	 
0.050399999	  0.224 	  -41.56 	 
0.050599999	  0.223 	  -41.17 	 
0.050799999	  0.224 	  -40.78 	 
0.050999999	  0.225 	  -40.44 	 
0.051199999	  0.225 	  -40.10 	 
0.051399999	  0.226 	  -39.74 	 
0.051599999	  0.227 	  -39.36 	 
0.051799999	  0.227 	  -39.04 	 
0.051999999	  0.227 	  -38.76 	 
0.052199999	  0.228 	  -38.55 	 
0.052399999	  0.228 	  -38.41 	 
0.052599999	  0.229 	  -38.30 	 
0.052799999	  0.229 	  -38.20 	 
0.052999999	  0.229 	  -38.13 	 
0.053199999	  0.230 	  -38.03 	 
0.053399999	  0.231 	  -37.92 	 
0.053599999	  0.230 	  -37.79 	 
0.053799999	  0.230 	  -37.75 	 
0.053999999	  0.231 	  -37.71 	 
0.054199999	  0.231 	  -37.73 	 
0.054399999	  0.231 	  -37.77 	 
0.054599999	  0.231 	  -37.86 	 
0.054799999	  0.231 	  -37.97 	 
0.054999999	  0.231 	  -38.08 	 
0.055199999	  0.231 	  -38.18 	 
0.055399999	  0.231 	  -38.29 	 
0.055599999	  0.231 	  -38.39 	 
0.055799999	  0.231 	  -38.54 	 
0.055999999	  0.231 	  -38.68 	 
0.056199999	  0.232 	  -38.86 	 
0.056399999	  0.231 	  -39.07 	 
0.056599999	  0.230 	  -39.37 	 
0.056799999	  0.231 	  -39.67 	 
0.056999999	  0.231 	  -40.00 	 
0.057199999	  0.230 	  -40.37 	 
0.057399999	  0.231 	  -40.77 	 
0.057599999	  0.230 	  -41.17 	 
0.057799999	  0.230 	  -41.51 	 
0.057999999	  0.229 	  -41.87 	 
0.058199999	  0.229 	  -42.24 	 
0.058399999	  0.229 	  -42.64 	 
0.058599999	  0.229 	  -43.10 	 
0.058799999	  0.229 	  -43.62 	 
0.058999999	  0.228 	  -44.18 	 
0.059199999	  0.228 	  -44.76 	 
0.059399998	  0.227 	  -45.35 	 
0.059599998	  0.227 	  -45.90 	 
0.059799998	  0.226 	  -46.47 	 
0.059999998	  0.226 	  -47.00 	 
0.060199998	  0.225 	  -47.57 	 
0.060399998	  0.225 	  -48.19 	 
0.060599998	  0.225 	  -48.83 	 
0.060799998	  0.224 	  -49.52 	 
0.060999998	  0.223 	  -50.21 	 
0.061199998	  0.223 	  -50.91 	 
0.061399998	  0.223 	  -51.62 	 
0.061599998	  0.222 	  -52.34 	 
0.061799998	  0.221 	  -53.05 	 
0.061999998	  0.220 	  -53.76 	 
0.062199998	  0.220 	  -54.45 	 
0.062399998	  0.219 	  -55.17 	 
0.062599998	  0.219 	  -55.87 	 
0.062799998	  0.218 	  -56.62 	 
0.062999998	  0.217 	  -57.36 	 
0.063199998	  0.217 	  -58.12 	 
0.063399998	  0.216 	  -58.92 	 
0.063599998	  0.215 	  -59.72 	 
0.063799998	  0.214 	  -60.54 	 
0.063999998	  0.213 	  -61.33 	 
0.064199998	  0.213 	  -62.10 	 
0.064399998	  0.212 	  -62.82 	 
0.064599998	  0.211 	  -63.53 	 
0.064799998	  0.210 	  -64.27 	 
0.064999998	  0.210 	  -64.98 	 
0.065199998	  0.209 	  -65.73 	 
0.065399998	  0.209 	  -66.49 	 
0.065599998	  0.207 	  -67.25 	 
0.065799998	  0.207 	  -67.99 	 
0.065999998	  0.207 	  -68.74 	 
0.066199998	  0.206 	  -69.43 	 
0.066399998	  0.205 	  -70.14 	 
0.066599998	  0.204 	  -70.84 	 
0.066799998	  0.204 	  -71.57 	 
0.066999998	  0.203 	  -72.28 	 
0.067199998	  0.202 	  -72.96 	 
0.067399998	  0.200 	  -73.60 	 
0.067599998	  0.201 	  -74.19 	 
0.067799998	  0.200 	  -74.83 	 
0.067999998	  0.199 	  -75.44 	 
0.068199998	  0.198 	  -76.04 	 
0.068399998	  0.198 	  -76.63 	 
0.068599998	  0.197 	  -77.23 	 
0.068799998	  0.196 	  -77.79 	 
0.068999998	  0.196 	  -78.32 	 
0.069199998	  0.195 	  -78.85 	 
0.069399998	  0.195 	  -79.36 	 
0.069599998	  0.194 	  -79.82 	 
0.069799998	  0.194 	  -80.30 	 
0.069999998	  0.193 	  -80.79 	 
0.070199998	  0.192 	  -81.25 	 
0.070399998	  0.192 	  -81.69 	 
0.070599998	  0.191 	  -82.08 	 
0.070799998	  0.191 	  -82.43 	 
0.070999998	  0.191 	  -82.78 	 
0.071199998	  0.190 	  -83.11 	 
0.071399998	  0.190 	  -83.41 	 
0.071599998	  0.189 	  -83.73 	 
0.071799998	  0.189 	  -84.01 	 
0.071999998	  0.188 	  -84.26 	 
0.072199998	  0.188 	  -84.47 	 
0.072399998	  0.188 	  -84.67 	 
0.072599998	  0.188 	  -84.84 	 
0.072799998	  0.187 	  -85.02 	 
0.072999998	  0.187 	  -85.15 	 
0.073199998	  0.187 	  -85.26 	 
0.073399998	  0.187 	  -85.35 	 
0.073599998	  0.186 	  -85.42 	 
0.073799998	  0.187 	  -85.47 	 
0.073999998	  0.186 	  -85.48 	 
0.074199998	  0.186 	  -85.51 	 
0.074399998	  0.186 	  -85.50 	 
0.074599998	  0.186 	  -85.48 	 
0.074799998	  0.186 	  -85.42 	 
0.074999998	  0.185 	  -85.35 	 
0.075199998	  0.186 	  -85.23 	 
0.075399998	  0.186 	  -85.08 	 
0.075599998	  0.185 	  -84.95 	 
0.075799998	  0.186 	  -84.79 	 
0.075999998	  0.186 	  -84.61 	 
0.076199998	  0.185 	  -84.47 	 
0.076399998	  0.186 	  -84.23 	 
0.076599998	  0.186 	  -83.99 	 
0.076799998	  0.186 	  -83.71 	 
0.076999998	  0.185 	  -83.39 	 
0.077199998	  0.187 	  -83.07 	 
0.077399998	  0.187 	  -82.72 	 
0.077599998	  0.187 	  -82.40 	 
0.077799998	  0.187 	  -82.06 	 
0.077999998	  0.187 	  -81.66 	 
0.078199998	  0.187 	  -81.23 	 
0.078399998	  0.188 	  -80.77 	 
0.078599998	  0.188 	  -80.27 	 
0.078799998	  0.187 	  -79.79 	 
0.078999998	  0.188 	  -79.28 	 
0.079199998	  0.188 	  -78.77 	 
0.079399998	  0.189 	  -78.25 	 
0.079599998	  0.189 	  -77.69 	 
0.079799998	  0.189 	  -77.12 	 
0.079999998	  0.190 	  -76.54 	 
0.080199998	  0.190 	  -75.93 	 
0.080399998	  0.191 	  -75.29 	 
0.080599998	  0.190 	  -74.63 	 
0.080799998	  0.191 	  -73.99 	 
0.080999998	  0.192 	  -73.33 	 
0.081199998	  0.192 	  -72.64 	 
0.081399998	  0.193 	  -71.95 	 
0.081599998	  0.193 	  -71.23 	 
0.081799998	  0.194 	  -70.53 	 
0.081999998	  0.194 	  -69.83 	 
0.082199998	  0.195 	  -69.13 	 
0.082399998	  0.196 	  -68.41 	 
0.082599998	  0.196 	  -67.70 	 
0.082799998	  0.196 	  -66.98 	 
0.082999998	  0.198 	  -66.27 	 
0.083199998	  0.197 	  -65.58 	 
0.083399998	  0.197 	  -64.79 	 
0.083599998	  0.199 	  -63.86 	 
0.083799998	  0.199 	  -62.94 	 
0.083999998	  0.200 	  -62.03 	 
0.084199998	  0.201 	  -61.21 	 
0.084399998	  0.202 	  -60.39 	 
0.084599998	  0.202 	  -59.64 	 
0.084799998	  0.204 	  -58.98 	 
0.084999998	  0.203 	  -58.32 	 
0.085199998	  0.204 	  -57.58 	 
0.085399998	  0.205 	  -56.83 	 
0.085599998	  0.206 	  -56.09 	 
0.085799998	  0.206 	  -55.32 	 
0.085999998	  0.207 	  -54.53 	 
0.086199998	  0.208 	  -53.72 	 
0.086399998	  0.209 	  -52.95 	 
0.086599998	  0.209 	  -52.28 	 
0.086799998	  0.211 	  -51.62 	 
0.086999998	  0.212 	  -50.99 	 
0.087199998	  0.212 	  -50.36 	 
0.087399998	  0.213 	  -49.75 	 
0.087599998	  0.213 	  -49.12 	 
0.087799998	  0.214 	  -48.42 	 
0.087999998	  0.216 	  -47.72 	 
0.088199998	  0.216 	  -47.07 	 
0.088399998	  0.217 	  -46.43 	 
0.088599998	  0.217 	  -45.82 	 
0.088799998	  0.218 	  -45.29 	 
0.088999998	  0.218 	  -44.78 	 
0.089199998	  0.220 	  -44.29 	 
0.089399998	  0.220 	  -43.82 	 
0.089599998	  0.220 	  -43.38 	 
0.089799998	  0.221 	  -42.92 	 
0.089999998	  0.221 	  -42.45 	 
0.090199998	  0.223 	  -42.02 	 
0.090399998	  0.224 	  -41.61 	 
0.090599998	  0.224 	  -41.21 	 
0.090799998	  0.224 	  -40.79 	 
0.090999998	  0.225 	  -40.37 	 
0.091199998	  0.226 	  -39.96 	 
0.091399998	  0.226 	  -39.59 	 
0.091599998	  0.227 	  -39.20 	 
0.091799998	  0.228 	  -38.92 	 
0.091999998	  0.228 	  -38.69 	 
0.092199998	  0.228 	  -38.51 	 
0.092399998	  0.229 	  -38.40 	 
0.092599998	  0.229 	  -38.33 	 
0.092799998	  0.229 	  -38.25 	 
0.092999998	  0.229 	  -38.16 	 
0.093199998	  0.230 	  -38.08 	 
0.093399998	  0.230 	  -37.95 	 
0.093599998	  0.230 	  -37.84 	 
0.093799998	  0.231 	  -37.77 	 
0.093999998	  0.230 	  -37.70 	 
0.094199998	  0.231 	  -37.70 	 
0.094399998	  0.232 	  -37.76 	 
0.094599998	  0.231 	  -37.83 	 
0.094799998	  0.231 	  -37.95 	 
0.094999998	  0.232 	  -38.07 	 
0.095199998	  0.231 	  -38.22 	 
0.095399998	  0.231 	  -38.34 	 
0.095599998	  0.231 	  -38.44 	 
0.095799998	  0.231 	  -38.54 	 
0.095999998	  0.231 	  -38.67 	 
0.096199998	  0.232 	  -38.85 	 
0.096399998	  0.230 	  -39.08 	 
0.096599998	  0.230 	  -39.35 	 
0.096799998	  0.231 	  -39.68 	 
0.096999998	  0.231 	  -40.03 	 
0.097199998	  0.230 	  -40.38 	 
0.097399998	  0.230 	  -40.75 	 
0.097599998	  0.230 	  -41.11 	 
0.097799998	  0.230 	  -41.50 	 
0.097999998	  0.229 	  -41.88 	 
0.098199998	  0.229 	  -42.28 	 
0.098399998	  0.229 	  -42.70 	 
0.098599998	  0.228 	  -43.16 	 
0.098799998	  0.229 	  -43.65 	 
0.098999997	  0.228 	  -44.17 	 
0.099199997	  0.227 	  -44.72 	 
0.099399997	  0.227 	  -45.28 	 
0.099599997	  0.226 	  -45.86 	 
0.099799997	  0.226 	  -46.44 	 
0.099999997	  0.226 	  -47.02 	 
0.100199997	  0.225 	  -47.62 	 
0.100399997	  0.225 	  -48.23 	 
0.100599997	  0.224 	  -48.85 	 
0.100799997	  0.224 	  -49.49 	 
0.100999997	  0.224 	  -50.16 	 
0.101199997	  0.223 	  -50.88 	 
0.101399997	  0.222 	  -51.60 	 
0.101599997	  0.222 	  -52.33 	 
0.101799997	  0.221 	  -53.06 	 
0.101999997	  0.220 	  -53.76 	 
0.102199997	  0.220 	  -54.50 	 
0.102399997	  0.219 	  -55.19 	 
0.102599997	  0.219 	  -55.92 	 
0.102799997	  0.219 	  -56.64 	 
0.102999997	  0.218 	  -57.38 	 
0.103199997	  0.216 	  -58.11 	 
0.103399997	  0.216 	  -58.90 	 
0.103599997	  0.215 	  -59.67 	 
0.103799997	  0.214 	  -60.43 	 
0.103999997	  0.214 	  -61.23 	 
0.104199997	  0.213 	  -62.03 	 
0.104399997	  0.212 	  -62.82 	 
0.104599997	  0.211 	  -63.60 	 
0.104799997	  0.211 	  -64.35 	 
0.104999997	  0.209 	  -65.07 	 
0.105199997	  0.209 	  -65.78 	 
0.105399997	  0.208 	  -66.51 	 
0.105599997	  0.208 	  -67.23 	 
0.105799997	  0.207 	  -67.95 	 
0.105999997	  0.207 	  -68.71 	 
0.106199997	  0.206 	  -69.42 	 
0.106399997	  0.204 	  -70.14 	 
0.106599997	  0.204 	  -70.87 	 
0.106799997	  0.203 	  -71.54 	 
0.106999997	  0.202 	  -72.22 	 
0.107199997	  0.201 	  -72.88 	 
0.107399997	  0.201 	  -73.55 	 
0.107599997	  0.200 	  -74.22 	 
0.107799997	  0.199 	  -74.87 	 
0.107999997	  0.199 	  -75.48 	 
0.108199997	  0.198 	  -76.10 	 
0.108399997	  0.197 	  -76.68 	 
0.108599997	  0.197 	  -77.23 	 
0.108799997	  0.197 	  -77.79 	 
0.108999997	  0.196 	  -78.31 	 
0.109199997	  0.195 	  -78.84 	 
0.109399997	  0.194 	  -79.35 	 
0.109599997	  0.194 	  -79.85 	 
0.109799997	  0.193 	  -80.32 	 
0.109999997	  0.193 	  -80.78 	 
0.110199997	  0.192 	  -81.22 	 
0.110399997	  0.192 	  -81.66 	 
0.110599997	  0.191 	  -82.04 	 
0.110799997	  0.191 	  -82.44 	 
0.110999997	  0.190 	  -82.81 	 
0.111199997	  0.190 	  -83.16 	 
0.111399997	  0.189 	  -83.47 	 
0.111599997	  0.189 	  -83.76 	 
0.111799997	  0.189 	  -84.03 	 
0.111999997	  0.188 	  -84.28 	 
0.112199997	  0.189 	  -84.51 	 
0.112399997	  0.188 	  -84.70 	 
0.112599997	  0.188 	  -84.87 	 
0.112799997	  0.187 	  -85.02 	 
0.112999997	  0.187 	  -85.12 	 
0.113199997	  0.188 	  -85.23 	 
0.113399997	  0.186 	  -85.34 	 
0.113599997	  0.187 	  -85.44 	 
0.113799997	  0.186 	  -85.48 	 
0.113999997	  0.186 	  -85.51 	 
0.114199997	  0.186 	  -85.51 	 
0.114399997	  0.186 	  -85.51 	 
0.114599997	  0.186 	  -85.47 	 
0.114799997	  0.186 	  -85.41 	 
0.114999997	  0.186 	  -85.31 	 
0.115199997	  0.186 	  -85.22 	 
0.115399997	  0.186 	  -85.13 	 
0.115599997	  0.185 	  -84.97 	 
0.115799997	  0.186 	  -84.82 	 
0.115999997	  0.186 	  -84.63 	 
0.116199997	  0.186 	  -84.43 	 
0.116399997	  0.186 	  -84.20 	 
0.116599997	  0.185 	  -83.96 	 
0.116799997	  0.186 	  -83.70 	 
0.116999997	  0.186 	  -83.43 	 
0.117199997	  0.186 	  -83.13 	 
0.117399997	  0.187 	  -82.79 	 
0.117599997	  0.187 	  -82.41 	 
0.117799997	  0.187 	  -82.02 	 
0.117999997	  0.187 	  -81.62 	 
0.118199997	  0.187 	  -81.22 	 
0.118399997	  0.187 	  -80.79 	 
0.118599997	  0.188 	  -80.33 	 
0.118799997	  0.188 	  -79.85 	 
0.118999997	  0.188 	  -79.33 	 
0.119199997	  0.188 	  -78.80 	 
0.119399997	  0.188 	  -78.25 	 
0.119599997	  0.190 	  -77.68 	 
0.119799997	  0.189 	  -77.09 	 
0.119999997	  0.189 	  -76.52 	 
0.120199997	  0.190 	  -75.88 	 
0.120399997	  0.191 	  -75.29 	 
0.120599997	  0.191 	  -74.63 	 
0.120799997	  0.191 	  -73.99 	 
0.120999997	  0.191 	  -73.35 	 
0.121199997	  0.192 	  -72.66 	 
0.121399997	  0.192 	  -71.96 	 
0.121599997	  0.194 	  -71.23 	 
0.121799997	  0.194 	  -70.53 	 
0.121999997	  0.194 	  -69.80 	 
0.122199997	  0.195 	  -69.10 	 
0.122399997	  0.195 	  -68.37 	 
0.122599997	  0.196 	  -67.66 	 
0.122799997	  0.196 	  -66.96 	 
0.122999997	  0.197 	  -66.28 	 
0.123199997	  0.197 	  -65.59 	 
0.123399997	  0.197 	  -64.78 	 
0.123599997	  0.198 	  -63.92 	 
0.123799997	  0.200 	  -63.06 	 
0.123999997	  0.201 	  -62.19 	 
0.124199997	  0.201 	  -61.26 	 
0.124399997	  0.202 	  -60.38 	 
0.124599997	  0.203 	  -59.65 	 
0.124799997	  0.203 	  -58.96 	 
0.124999997	  0.204 	  -58.28 	 
0.125199997	  0.205 	  -57.57 	 
0.125399997	  0.205 	  -56.86 	 
0.125599997	  0.206 	  -56.09 	 
0.125799997	  0.206 	  -55.32 	 
0.125999997	  0.207 	  -54.49 	 
0.126199997	  0.208 	  -53.67 	 
0.126399997	  0.210 	  -52.91 	 
0.126599997	  0.210 	  -52.19 	 
0.126799997	  0.210 	  -51.51 	 
0.126999997	  0.211 	  -50.90 	 
0.127199997	  0.212 	  -50.33 	 
0.127399997	  0.212 	  -49.74 	 
0.127599997	  0.213 	  -49.14 	 
0.127799997	  0.215 	  -48.49 	 
0.127999997	  0.214 	  -47.81 	 
0.128199997	  0.216 	  -47.14 	 
0.128399997	  0.217 	  -46.49 	 
0.128599997	  0.217 	  -45.83 	 
0.128799997	  0.218 	  -45.22 	 
0.128999997	  0.219 	  -44.75 	 
0.129199997	  0.220 	  -44.29 	 
0.129399997	  0.219 	  -43.83 	 
0.129599997	  0.221 	  -43.39 	 
0.129799997	  0.221 	  -42.96 	 
0.129999997	  0.222 	  -42.53 	 
0.130199997	  0.223 	  -42.07 	 
0.130399997	  0.223 	  -41.60 	 
0.130599997	  0.224 	  -41.10 	 
0.130799997	  0.224 	  -40.67 	 
0.130999997	  0.225 	  -40.26 	 
0.131199997	  0.226 	  -39.92 	 
0.131399997	  0.226 	  -39.59 	 
0.131599997	  0.227 	  -39.28 	 
0.131799997	  0.227 	  -39.01 	 
0.131999997	  0.227 	  -38.80 	 
0.132199997	  0.229 	  -38.64 	 
0.132399997	  0.228 	  -38.49 	 
0.132599997	  0.228 	  -38.37 	 
0.132799997	  0.229 	  -38.26 	 
0.132999997	  0.229 	  -38.14 	 
0.133199997	  0.229 	  -38.04 	 
0.133399997	  0.230 	  -37.90 	 
0.133599997	  0.231 	  -37.83 	 
0.133799997	  0.230 	  -37.76 	 
0.133999997	  0.231 	  -37.72 	 
0.134199997	  0.231 	  -37.73 	 
0.134399997	  0.231 	  -37.78 	 
0.134599997	  0.231 	  -37.85 	 
0.134799997	  0.232 	  -37.93 	 
0.134999997	  0.231 	  -38.04 	 
0.135199997	  0.231 	  -38.14 	 
0.135399997	  0.231 	  -38.26 	 
0.135599997	  0.231 	  -38.40 	 
0.135799997	  0.231 	  -38.56 	 
0.135999997	  0.231 	  -38.71 	 
0.136199997	  0.232 	  -38.89 	 
0.136399997	  0.231 	  -39.11 	 
0.136599997	  0.231 	  -39.37 	 
0.136799997	  0.231 	  -39.68 	 
0.136999997	  0.231 	  -40.01 	 
0.137199997	  0.231 	  -40.39 	 
0.137399997	  0.230 	  -40.73 	 
0.137599997	  0.230 	  -41.09 	 
0.137799997	  0.229 	  -41.45 	 
0.137999997	  0.230 	  -41.82 	 
0.138199997	  0.229 	  -42.24 	 
0.138399997	  0.229 	  -42.69 	 
0.138599996	  0.229 	  -43.18 	 
0.138799996	  0.228 	  -43.69 	 
0.138999996	  0.228 	  -44.24 	 
0.139199996	  0.228 	  -44.79 	 
0.139399996	  0.228 	  -45.33 	 
0.139599996	  0.226 	  -45.88 	 
0.139799996	  0.226 	  -46.41 	 
0.139999996	  0.226 	  -46.96 	 
0.140199996	  0.225 	  -47.54 	 
0.140399996	  0.225 	  -48.16 	 
0.140599996	  0.225 	  -48.82 	 
0.140799996	  0.224 	  -49.49 	 
0.140999996	  0.223 	  -50.19 	 
0.141199996	  0.223 	  -50.89 	 
0.141399996	  0.222 	  -51.62 	 
0.141599996	  0.221 	  -52.32 	 
0.141799996	  0.221 	  -53.07 	 
0.141999996	  0.220 	  -53.78 	 
0.142199996	  0.220 	  -54.49 	 
0.142399996	  0.220 	  -55.19 	 
0.142599996	  0.218 	  -55.89 	 
0.142799996	  0.217 	  -56.64 	 
0.142999996	  0.217 	  -57.39 	 
0.143199996	  0.217 	  -58.17 	 
0.143399996	  0.216 	  -58.92 	 
0.143599996	  0.214 	  -59.71 	 
0.143799996	  0.214 	  -60.47 	 
0.143999996	  0.213 	  -61.25 	 
0.144199996	  0.213 	  -61.99 	 
0.144399996	  0.212 	  -62.74 	 
0.144599996	  0.211 	  -63.48 	 
0.144799996	  0.210 	  -64.25 	 
0.144999996	  0.210 	  -65.05 	 
0.145199996	  0.209 	  -65.83 	 
0.145399996	  0.208 	  -66.57 	 
0.145599996	  0.208 	  -67.32 	 
0.145799996	  0.207 	  -68.02 	 
0.145999996	  0.206 	  -68.73 	 
0.146199996	  0.205 	  -69.43 	 
0.146399996	  0.205 	  -70.13 	 
0.146599996	  0.204 	  -70.83 	 
0.146799996	  0.203 	  -71.53 	 
0.146999996	  0.203 	  -72.20 	 
0.147199996	  0.202 	  -72.88 	 
0.147399996	  0.201 	  -73.55 	 
0.147599996	  0.200 	  -74.18 	 
0.147799996	  0.200 	  -74.81 	 
0.147999996	  0.199 	  -75.42 	 
0.148199996	  0.198 	  -76.06 	 
0.148399996	  0.198 	  -76.69 	 
0.148599996	  0.197 	  -77.28 	 
0.148799996	  0.197 	  -77.85 	 
0.148999996	  0.195 	  -78.38 	 
0.149199996	  0.195 	  -78.86 	 
0.149399996	  0.195 	  -79.36 	 
0.149599996	  0.194 	  -79.84 	 
0.149799996	  0.192 	  -80.30 	 
0.149999996	  0.193 	  -80.76 	 
0.150199996	  0.192 	  -81.21 	 
0.150399996	  0.191 	  -81.64 	 
0.150599996	  0.191 	  -82.04 	 
0.150799996	  0.191 	  -82.44 	 
0.150999996	  0.191 	  -82.81 	 
0.151199996	  0.190 	  -83.14 	 
0.151399996	  0.190 	  -83.45 	 
0.151599996	  0.189 	  -83.73 	 
0.151799996	  0.189 	  -84.01 	 
0.151999996	  0.188 	  -84.26 	 
0.152199996	  0.188 	  -84.51 	 
0.152399996	  0.188 	  -84.69 	 
0.152599996	  0.187 	  -84.89 	 
0.152799996	  0.186 	  -85.06 	 
0.152999996	  0.187 	  -85.19 	 
0.153199996	  0.187 	  -85.28 	 
0.153399996	  0.187 	  -85.37 	 
0.153599996	  0.186 	  -85.41 	 
0.153799996	  0.186 	  -85.42 	 
0.153999996	  0.186 	  -85.45 	 
0.154199996	  0.186 	  -85.47 	 
0.154399996	  0.185 	  -85.48 	 
0.154599996	  0.186 	  -85.46 	 
0.154799996	  0.186 	  -85.41 	 
0.154999996	  0.186 	  -85.36 	 
0.155199996	  0.185 	  -85.22 	 
0.155399996	  0.185 	  -85.08 	 
0.155599996	  0.185 	  -84.95 	 
0.155799996	  0.186 	  -84.82 	 
0.155999996	  0.186 	  -84.65 	 
0.156199996	  0.185 	  -84.48 	 
0.156399996	  0.186 	  -84.25 	 
0.156599996	  0.186 	  -84.00 	 
0.156799996	  0.186 	  -83.72 	 
0.156999996	  0.186 	  -83.40 	 
0.157199996	  0.186 	  -83.07 	 
0.157399996	  0.187 	  -82.74 	 
0.157599996	  0.187 	  -82.39 	 
0.157799996	  0.187 	  -82.02 	 
0.157999996	  0.187 	  -81.64 	 
0.158199996	  0.187 	  -81.21 	 
0.158399996	  0.187 	  -80.78 	 
0.158599996	  0.188 	  -80.33 	 
0.158799996	  0.188 	  -79.82 	 
0.158999996	  0.189 	  -79.33 	 
0.159199996	  0.188 	  -78.81 	 
0.159399996	  0.188 	  -78.27 	 
0.159599996	  0.189 	  -77.69 	 
0.159799996	  0.189 	  -77.10 	 
0.159999996	  0.189 	  -76.51 	 
0.160199996	  0.190 	  -75.89 	 
0.160399996	  0.191 	  -75.29 	 
0.160599996	  0.191 	  -74.64 	 
0.160799996	  0.191 	  -73.99 	 
0.160999996	  0.192 	  -73.32 	 
0.161199996	  0.192 	  -72.64 	 
0.161399996	  0.193 	  -71.97 	 
0.161599996	  0.193 	  -71.25 	 
0.161799996	  0.194 	  -70.55 	 
0.161999996	  0.195 	  -69.82 	 
0.162199996	  0.194 	  -69.12 	 
0.162399996	  0.195 	  -68.40 	 
0.162599996	  0.196 	  -67.69 	 
0.162799996	  0.196 	  -66.96 	 
0.162999996	  0.196 	  -66.28 	 
0.163199996	  0.197 	  -65.60 	 
0.163399996	  0.198 	  -64.81 	 
0.163599996	  0.198 	  -63.96 	 
0.163799996	  0.199 	  -63.09 	 
0.163999996	  0.200 	  -62.19 	 
0.164199996	  0.201 	  -61.24 	 
0.164399996	  0.202 	  -60.36 	 
0.164599996	  0.203 	  -59.61 	 
0.164799996	  0.203 	  -58.87 	 
0.164999996	  0.204 	  -58.17 	 
0.165199996	  0.205 	  -57.47 	 
0.165399996	  0.206 	  -56.79 	 
0.165599996	  0.206 	  -56.06 	 
0.165799996	  0.207 	  -55.32 	 
0.165999996	  0.207 	  -54.56 	 
0.166199996	  0.208 	  -53.80 	 
0.166399996	  0.209 	  -53.04 	 
0.166599996	  0.210 	  -52.34 	 
0.166799996	  0.210 	  -51.64 	 
0.166999996	  0.211 	  -50.96 	 
0.167199996	  0.212 	  -50.33 	 
0.167399996	  0.212 	  -49.74 	 
0.167599996	  0.213 	  -49.09 	 
0.167799996	  0.214 	  -48.45 	 
0.167999996	  0.215 	  -47.82 	 
0.168199996	  0.215 	  -47.20 	 
0.168399996	  0.217 	  -46.54 	 
0.168599996	  0.218 	  -45.92 	 
0.168799996	  0.218 	  -45.32 	 
0.168999996	  0.218 	  -44.77 	 
0.169199996	  0.219 	  -44.24 	 
0.169399996	  0.219 	  -43.77 	 
0.169599996	  0.221 	  -43.32 	 
0.169799996	  0.221 	  -42.88 	 
0.169999996	  0.222 	  -42.44 	 
0.170199996	  0.223 	  -42.01 	 
0.170399996	  0.223 	  -41.60 	 
0.170599996	  0.224 	  -41.24 	 
0.170799996	  0.224 	  -40.84 	 
0.170999996	  0.225 	  -40.44 	 
0.171199996	  0.226 	  -40.05 	 
0.171399996	  0.226 	  -39.65 	 
0.171599996	  0.226 	  -39.28 	 
0.171799996	  0.228 	  -38.93 	 
0.171999996	  0.227 	  -38.69 	 
0.172199996	  0.228 	  -38.47 	 
0.172399996	  0.229 	  -38.36 	 
0.172599996	  0.229 	  -38.25 	 
0.172799996	  0.229 	  -38.20 	 
0.172999996	  0.229 	  -38.14 	 
0.173199996	  0.229 	  -38.06 	 
0.173399996	  0.230 	  -37.94 	 
0.173599996	  0.230 	  -37.85 	 
0.173799996	  0.231 	  -37.78 	 
0.173999996	  0.231 	  -37.75 	 
0.174199996	  0.231 	  -37.72 	 
0.174399996	  0.231 	  -37.77 	 
0.174599996	  0.231 	  -37.83 	 
0.174799996	  0.232 	  -37.92 	 
0.174999996	  0.231 	  -38.06 	 
0.175199996	  0.231 	  -38.16 	 
0.175399996	  0.231 	  -38.30 	 
0.175599996	  0.231 	  -38.43 	 
0.175799996	  0.231 	  -38.56 	 
0.175999996	  0.231 	  -38.71 	 
0.176199996	  0.231 	  -38.90 	 
0.176399996	  0.232 	  -39.11 	 
0.176599996	  0.231 	  -39.39 	 
0.176799996	  0.231 	  -39.71 	 
0.176999996	  0.230 	  -40.04 	 
0.177199996	  0.231 	  -40.38 	 
0.177399996	  0.230 	  -40.72 	 
0.177599996	  0.230 	  -41.08 	 
0.177799996	  0.229 	  -41.45 	 
0.177999996	  0.229 	  -41.86 	 
0.178199995	  0.229 	  -42.26 	 
0.178399995	  0.229 	  -42.72 	 
0.178599995	  0.229 	  -43.18 	 
0.178799995	  0.228 	  -43.70 	 
0.178999995	  0.228 	  -44.21 	 
0.179199995	  0.228 	  -44.76 	 
0.179399995	  0.227 	  -45.33 	 
0.179599995	  0.227 	  -45.89 	 
0.179799995	  0.226 	  -46.48 	 
0.179999995	  0.225 	  -47.03 	 
0.180199995	  0.226 	  -47.61 	 
0.180399995	  0.226 	  -48.19 	 
0.180599995	  0.224 	  -48.83 	 
0.180799995	  0.224 	  -49.47 	 
0.180999995	  0.224 	  -50.15 	 
0.181199995	  0.223 	  -50.86 	 
0.181399995	  0.222 	  -51.60 	 
0.181599995	  0.222 	  -52.32 	 
0.181799995	  0.221 	  -53.02 	 
0.181999995	  0.220 	  -53.75 	 
0.182199995	  0.220 	  -54.47 	 
0.182399995	  0.219 	  -55.19 	 
0.182599995	  0.218 	  -55.93 	 
0.182799995	  0.217 	  -56.68 	 
0.182999995	  0.217 	  -57.43 	 
0.183199995	  0.216 	  -58.19 	 
0.183399995	  0.216 	  -58.94 	 
0.183599995	  0.216 	  -59.72 	 
0.183799995	  0.214 	  -60.47 	 
0.183999995	  0.214 	  -61.24 	 
0.184199995	  0.213 	  -62.01 	 
0.184399995	  0.212 	  -62.77 	 
0.184599995	  0.211 	  -63.51 	 
0.184799995	  0.211 	  -64.27 	 
0.184999995	  0.210 	  -65.02 	 
0.185199995	  0.209 	  -65.78 	 
0.185399995	  0.208 	  -66.50 	 
0.185599995	  0.207 	  -67.26 	 
0.185799995	  0.207 	  -68.01 	 
0.185999995	  0.206 	  -68.77 	 
0.186199995	  0.205 	  -69.51 	 
0.186399995	  0.205 	  -70.25 	 
0.186599995	  0.204 	  -70.92 	 
0.186799995	  0.203 	  -71.59 	 
0.186999995	  0.202 	  -72.25 	 
0.187199995	  0.202 	  -72.88 	 
0.187399995	  0.201 	  -73.53 	 
0.187599995	  0.201 	  -74.15 	 
0.187799995	  0.199 	  -74.81 	 
0.187999995	  0.198 	  -75.42 	 
0.188199995	  0.198 	  -76.05 	 
0.188399995	  0.198 	  -76.65 	 
0.188599995	  0.197 	  -77.24 	 
0.188799995	  0.196 	  -77.79 	 
0.188999995	  0.195 	  -78.36 	 
0.189199995	  0.195 	  -78.90 	 
0.189399995	  0.195 	  -79.42 	 
0.189599995	  0.194 	  -79.91 	 
0.189799995	  0.193 	  -80.34 	 
0.189999995	  0.192 	  -80.79 	 
0.190199995	  0.192 	  -81.22 	 
0.190399995	  0.192 	  -81.63 	 
0.190599995	  0.191 	  -82.04 	 
0.190799995	  0.191 	  -82.43 	 
0.190999995	  0.191 	  -82.77 	 
0.191199995	  0.190 	  -83.13 	 
0.191399995	  0.190 	  -83.43 	 
0.191599995	  0.189 	  -83.73 	 
0.191799995	  0.189 	  -83.99 	 
0.191999995	  0.188 	  -84.27 	 
0.192199995	  0.188 	  -84.50 	 
0.192399995	  0.188 	  -84.73 	 
0.192599995	  0.188 	  -84.93 	 
0.192799995	  0.188 	  -85.08 	 
0.192999995	  0.187 	  -85.19 	 
0.193199995	  0.186 	  -85.30 	 
0.193399995	  0.187 	  -85.37 	 
0.193599995	  0.187 	  -85.44 	 
0.193799995	  0.186 	  -85.48 	 
0.193999995	  0.186 	  -85.50 	 
0.194199995	  0.186 	  -85.50 	 
0.194399995	  0.186 	  -85.48 	 
0.194599995	  0.185 	  -85.42 	 
0.194799995	  0.185 	  -85.37 	 
0.194999995	  0.186 	  -85.30 	 
0.195199995	  0.185 	  -85.24 	 
0.195399995	  0.186 	  -85.13 	 
0.195599995	  0.185 	  -85.02 	 
0.195799995	  0.185 	  -84.84 	 
0.195999995	  0.186 	  -84.63 	 
0.196199995	  0.185 	  -84.45 	 
0.196399995	  0.185 	  -84.24 	 
0.196599995	  0.186 	  -84.01 	 
0.196799995	  0.186 	  -83.75 	 
0.196999995	  0.186 	  -83.44 	 
0.197199995	  0.186 	  -83.11 	 
0.197399995	  0.186 	  -82.77 	 
0.197599995	  0.186 	  -82.39 	 
0.197799995	  0.186 	  -82.02 	 
0.197999995	  0.187 	  -81.62 	 
0.198199995	  0.187 	  -81.21 	 
0.198399995	  0.187 	  -80.77 	 
0.198599995	  0.187 	  -80.31 	 
0.198799995	  0.188 	  -79.85 	 
0.198999995	  0.188 	  -79.35 	 
0.199199995	  0.188 	  -78.80 	 
0.199399995	  0.189 	  -78.29 	 
0.199599995	  0.189 	  -77.72 	 
0.199799995	  0.189 	  -77.13 	 
0.199999995	  0.190 	  -76.52 	 
0.200199995	  0.190 	  -75.89 	 
0.200399995	  0.190 	  -75.27 	 
0.200599995	  0.191 	  -74.62 	 
0.200799995	  0.191 	  -73.97 	 
0.200999995	  0.192 	  -73.34 	 
0.201199995	  0.192 	  -72.64 	 
0.201399995	  0.193 	  -71.98 	 
0.201599995	  0.193 	  -71.26 	 
0.201799995	  0.194 	  -70.57 	 
0.201999995	  0.194 	  -69.83 	 
0.202199995	  0.195 	  -69.14 	 
0.202399995	  0.195 	  -68.42 	 
0.202599995	  0.196 	  -67.71 	 
0.202799995	  0.196 	  -66.99 	 
0.202999995	  0.196 	  -66.30 	 
0.203199995	  0.197 	  -65.60 	 
0.203399995	  0.198 	  -64.79 	 
0.203599995	  0.199 	  -63.95 	 
0.203799995	  0.199 	  -63.06 	 
0.203999995	  0.200 	  -62.13 	 
0.204199995	  0.201 	  -61.20 	 
0.204399995	  0.202 	  -60.37 	 
0.204599995	  0.202 	  -59.65 	 
