0.000000000	  0.142 	  -68.25 	 
0.000200000	  0.143 	  -67.96 	 
0.000400000	  0.143 	  -67.66 	 
0.000600000	  0.144 	  -67.35 	 
0.000800000	  0.144 	  -67.05 	 
0.001000000	  0.144 	  -66.70 	 
0.001200000	  0.144 	  -66.40 	 
0.001400000	  0.145 	  -66.10 	 
0.001600000	  0.144 	  -65.81 	 
0.001800000	  0.145 	  -65.49 	 
0.002000000	  0.145 	  -65.23 	 
0.002200000	  0.145 	  -64.94 	 
0.002400000	  0.146 	  -64.66 	 
0.002600000	  0.146 	  -64.36 	 
0.002800000	  0.146 	  -64.07 	 
0.003000000	  0.146 	  -63.76 	 
0.003200000	  0.146 	  -63.43 	 
0.003400000	  0.147 	  -63.12 	 
0.003600000	  0.147 	  -62.79 	 
0.003800000	  0.148 	  -62.49 	 
0.004000000	  0.147 	  -62.21 	 
0.004200000	  0.149 	  -61.93 	 
0.004400000	  0.148 	  -61.64 	 
0.004600000	  0.148 	  -61.31 	 
0.004800000	  0.149 	  -61.00 	 
0.005000000	  0.150 	  -60.69 	 
0.005200000	  0.149 	  -60.36 	 
0.005400000	  0.150 	  -60.06 	 
0.005600000	  0.150 	  -59.77 	 
0.005800000	  0.151 	  -59.51 	 
0.006000000	  0.151 	  -59.23 	 
0.006200000	  0.150 	  -58.93 	 
0.006400000	  0.151 	  -58.64 	 
0.006600000	  0.151 	  -58.31 	 
0.006800000	  0.152 	  -58.00 	 
0.007000000	  0.152 	  -57.67 	 
0.007200000	  0.152 	  -57.36 	 
0.007400000	  0.153 	  -57.08 	 
0.007600000	  0.153 	  -56.76 	 
0.007800000	  0.153 	  -56.47 	 
0.008000000	  0.154 	  -56.17 	 
0.008200000	  0.154 	  -55.89 	 
0.008400000	  0.154 	  -55.60 	 
0.008600000	  0.154 	  -55.30 	 
0.008800000	  0.155 	  -55.01 	 
0.009000000	  0.155 	  -54.71 	 
0.009200000	  0.156 	  -54.44 	 
0.009400000	  0.157 	  -54.15 	 
0.009600000	  0.156 	  -53.86 	 
0.009800000	  0.156 	  -53.57 	 
0.010000000	  0.158 	  -53.29 	 
0.010200000	  0.158 	  -53.00 	 
0.010400000	  0.157 	  -52.74 	 
0.010600000	  0.158 	  -52.47 	 
0.010800000	  0.158 	  -52.19 	 
0.011000000	  0.158 	  -51.92 	 
0.011200000	  0.158 	  -51.63 	 
0.011400000	  0.158 	  -51.36 	 
0.011600000	  0.158 	  -51.09 	 
0.011800000	  0.159 	  -50.81 	 
0.012000000	  0.160 	  -50.55 	 
0.012200000	  0.160 	  -50.30 	 
0.012400000	  0.160 	  -50.06 	 
0.012600000	  0.160 	  -49.77 	 
0.012800000	  0.161 	  -49.49 	 
0.013000000	  0.161 	  -49.23 	 
0.013200000	  0.161 	  -48.97 	 
0.013400000	  0.162 	  -48.72 	 
0.013600000	  0.162 	  -48.48 	 
0.013800000	  0.162 	  -48.23 	 
0.014000000	  0.163 	  -47.96 	 
0.014200000	  0.163 	  -47.72 	 
0.014400000	  0.163 	  -47.49 	 
0.014600000	  0.164 	  -47.26 	 
0.014800000	  0.164 	  -47.01 	 
0.015000000	  0.164 	  -46.77 	 
0.015200000	  0.165 	  -46.55 	 
0.015400000	  0.164 	  -46.33 	 
0.015600000	  0.165 	  -46.08 	 
0.015800000	  0.165 	  -45.85 	 
0.016000000	  0.166 	  -45.62 	 
0.016200000	  0.166 	  -45.37 	 
0.016400000	  0.166 	  -45.16 	 
0.016600000	  0.166 	  -44.93 	 
0.016800000	  0.167 	  -44.72 	 
0.017000000	  0.167 	  -44.52 	 
0.017200000	  0.167 	  -44.32 	 
0.017400000	  0.167 	  -44.13 	 
0.017600000	  0.168 	  -43.94 	 
0.017800000	  0.168 	  -43.73 	 
0.018000000	  0.168 	  -43.56 	 
0.018200000	  0.167 	  -43.35 	 
0.018400000	  0.168 	  -43.18 	 
0.018600000	  0.169 	  -42.97 	 
0.018800000	  0.169 	  -42.79 	 
0.019000000	  0.169 	  -42.61 	 
0.019200000	  0.170 	  -42.40 	 
0.019400000	  0.170 	  -42.22 	 
0.019600000	  0.170 	  -42.04 	 
0.019799999	  0.170 	  -41.89 	 
0.019999999	  0.171 	  -41.71 	 
0.020199999	  0.170 	  -41.56 	 
0.020399999	  0.171 	  -41.39 	 
0.020599999	  0.172 	  -41.24 	 
0.020799999	  0.172 	  -41.07 	 
0.020999999	  0.172 	  -40.90 	 
0.021199999	  0.173 	  -40.77 	 
0.021399999	  0.172 	  -40.64 	 
0.021599999	  0.172 	  -40.49 	 
0.021799999	  0.174 	  -40.35 	 
0.021999999	  0.173 	  -40.22 	 
0.022199999	  0.173 	  -40.09 	 
0.022399999	  0.174 	  -39.95 	 
0.022599999	  0.173 	  -39.82 	 
0.022799999	  0.174 	  -39.69 	 
0.022999999	  0.174 	  -39.58 	 
0.023199999	  0.174 	  -39.44 	 
0.023399999	  0.174 	  -39.35 	 
0.023599999	  0.175 	  -39.25 	 
0.023799999	  0.175 	  -39.14 	 
0.023999999	  0.176 	  -39.06 	 
0.024199999	  0.175 	  -38.99 	 
0.024399999	  0.175 	  -38.90 	 
0.024599999	  0.176 	  -38.80 	 
0.024799999	  0.175 	  -38.71 	 
0.024999999	  0.176 	  -38.63 	 
0.025199999	  0.176 	  -38.54 	 
0.025399999	  0.176 	  -38.46 	 
0.025599999	  0.176 	  -38.38 	 
0.025799999	  0.177 	  -38.32 	 
0.025999999	  0.176 	  -38.25 	 
0.026199999	  0.177 	  -38.19 	 
0.026399999	  0.176 	  -38.16 	 
0.026599999	  0.176 	  -38.12 	 
0.026799999	  0.177 	  -38.06 	 
0.026999999	  0.178 	  -38.00 	 
0.027199999	  0.177 	  -37.96 	 
0.027399999	  0.178 	  -37.90 	 
0.027599999	  0.178 	  -37.84 	 
0.027799999	  0.177 	  -37.80 	 
0.027999999	  0.177 	  -37.77 	 
0.028199999	  0.177 	  -37.75 	 
0.028399999	  0.178 	  -37.74 	 
0.028599999	  0.178 	  -37.73 	 
0.028799999	  0.178 	  -37.74 	 
0.028999999	  0.179 	  -37.72 	 
0.029199999	  0.178 	  -37.70 	 
0.029399999	  0.178 	  -37.70 	 
0.029599999	  0.178 	  -37.72 	 
0.029799999	  0.179 	  -37.72 	 
0.029999999	  0.179 	  -37.75 	 
0.030199999	  0.179 	  -37.77 	 
0.030399999	  0.179 	  -37.77 	 
0.030599999	  0.179 	  -37.79 	 
0.030799999	  0.179 	  -37.81 	 
0.030999999	  0.179 	  -37.81 	 
0.031199999	  0.179 	  -37.85 	 
0.031399999	  0.178 	  -37.88 	 
0.031599999	  0.178 	  -37.93 	 
0.031799999	  0.179 	  -37.96 	 
0.031999999	  0.179 	  -37.99 	 
0.032199999	  0.179 	  -38.06 	 
0.032399999	  0.179 	  -38.09 	 
0.032599999	  0.179 	  -38.14 	 
0.032799999	  0.179 	  -38.19 	 
0.032999999	  0.179 	  -38.27 	 
0.033199999	  0.179 	  -38.34 	 
0.033399999	  0.179 	  -38.41 	 
0.033599999	  0.179 	  -38.48 	 
0.033799999	  0.179 	  -38.54 	 
0.033999999	  0.179 	  -38.60 	 
0.034199999	  0.179 	  -38.67 	 
0.034399999	  0.179 	  -38.76 	 
0.034599999	  0.178 	  -38.85 	 
0.034799999	  0.179 	  -38.95 	 
0.034999999	  0.178 	  -39.05 	 
0.035199999	  0.179 	  -39.15 	 
0.035399999	  0.179 	  -39.25 	 
0.035599999	  0.179 	  -39.35 	 
0.035799999	  0.178 	  -39.48 	 
0.035999999	  0.178 	  -39.57 	 
0.036199999	  0.178 	  -39.72 	 
0.036399999	  0.178 	  -39.85 	 
0.036599999	  0.178 	  -40.01 	 
0.036799999	  0.178 	  -40.11 	 
0.036999999	  0.178 	  -40.22 	 
0.037199999	  0.178 	  -40.37 	 
0.037399999	  0.178 	  -40.49 	 
0.037599999	  0.177 	  -40.62 	 
0.037799999	  0.178 	  -40.78 	 
0.037999999	  0.177 	  -40.97 	 
0.038199999	  0.177 	  -41.14 	 
0.038399999	  0.178 	  -41.30 	 
0.038599999	  0.177 	  -41.43 	 
0.038799999	  0.177 	  -41.60 	 
0.038999999	  0.177 	  -41.77 	 
0.039199999	  0.177 	  -41.93 	 
0.039399999	  0.177 	  -42.12 	 
0.039599999	  0.176 	  -42.30 	 
0.039799999	  0.176 	  -42.50 	 
0.039999999	  0.176 	  -42.71 	 
0.040199999	  0.176 	  -42.90 	 
0.040399999	  0.176 	  -43.06 	 
0.040599999	  0.176 	  -43.24 	 
0.040799999	  0.175 	  -43.40 	 
0.040999999	  0.176 	  -43.56 	 
0.041199999	  0.175 	  -43.76 	 
0.041399999	  0.175 	  -43.95 	 
0.041599999	  0.175 	  -44.17 	 
0.041799999	  0.175 	  -44.42 	 
0.041999999	  0.175 	  -44.67 	 
0.042199999	  0.174 	  -44.89 	 
0.042399999	  0.175 	  -45.13 	 
0.042599999	  0.174 	  -45.33 	 
0.042799999	  0.174 	  -45.55 	 
0.042999999	  0.174 	  -45.75 	 
0.043199999	  0.173 	  -45.96 	 
0.043399999	  0.174 	  -46.18 	 
0.043599999	  0.174 	  -46.44 	 
0.043799999	  0.173 	  -46.71 	 
0.043999999	  0.173 	  -47.02 	 
0.044199999	  0.173 	  -47.27 	 
0.044399999	  0.172 	  -47.52 	 
0.044599999	  0.172 	  -47.74 	 
0.044799999	  0.172 	  -47.96 	 
0.044999999	  0.172 	  -48.15 	 
0.045199999	  0.171 	  -48.38 	 
0.045399999	  0.172 	  -48.64 	 
0.045599999	  0.172 	  -48.91 	 
0.045799999	  0.171 	  -49.19 	 
0.045999999	  0.171 	  -49.50 	 
0.046199999	  0.171 	  -49.78 	 
0.046399999	  0.171 	  -50.06 	 
0.046599999	  0.171 	  -50.35 	 
0.046799999	  0.170 	  -50.55 	 
0.046999999	  0.169 	  -50.79 	 
0.047199999	  0.171 	  -51.02 	 
0.047399999	  0.170 	  -51.31 	 
0.047599999	  0.169 	  -51.62 	 
0.047799999	  0.169 	  -51.93 	 
0.047999999	  0.169 	  -52.23 	 
0.048199999	  0.169 	  -52.54 	 
0.048399999	  0.168 	  -52.81 	 
0.048599999	  0.167 	  -53.06 	 
0.048799999	  0.167 	  -53.31 	 
0.048999999	  0.167 	  -53.57 	 
0.049199999	  0.167 	  -53.82 	 
0.049399999	  0.167 	  -54.10 	 
0.049599999	  0.167 	  -54.41 	 
0.049799999	  0.166 	  -54.74 	 
0.049999999	  0.166 	  -55.05 	 
0.050199999	  0.166 	  -55.38 	 
0.050399999	  0.166 	  -55.67 	 
0.050599999	  0.165 	  -55.97 	 
0.050799999	  0.164 	  -56.24 	 
0.050999999	  0.165 	  -56.50 	 
0.051199999	  0.164 	  -56.80 	 
0.051399999	  0.164 	  -57.09 	 
0.051599999	  0.164 	  -57.40 	 
0.051799999	  0.164 	  -57.73 	 
0.051999999	  0.163 	  -58.07 	 
0.052199999	  0.163 	  -58.40 	 
0.052399999	  0.163 	  -58.68 	 
0.052599999	  0.162 	  -58.96 	 
0.052799999	  0.161 	  -59.23 	 
0.052999999	  0.162 	  -59.49 	 
0.053199999	  0.162 	  -59.79 	 
0.053399999	  0.160 	  -60.08 	 
0.053599999	  0.161 	  -60.37 	 
0.053799999	  0.161 	  -60.69 	 
0.053999999	  0.160 	  -61.02 	 
0.054199999	  0.160 	  -61.35 	 
0.054399999	  0.159 	  -61.64 	 
0.054599999	  0.159 	  -61.94 	 
0.054799999	  0.159 	  -62.24 	 
0.054999999	  0.159 	  -62.52 	 
0.055199999	  0.158 	  -62.80 	 
0.055399999	  0.158 	  -63.10 	 
0.055599999	  0.158 	  -63.39 	 
0.055799999	  0.158 	  -63.70 	 
0.055999999	  0.158 	  -64.02 	 
0.056199999	  0.157 	  -64.35 	 
0.056399999	  0.157 	  -64.65 	 
0.056599999	  0.156 	  -64.94 	 
0.056799999	  0.156 	  -65.23 	 
0.056999999	  0.156 	  -65.50 	 
0.057199999	  0.155 	  -65.82 	 
0.057399999	  0.156 	  -66.13 	 
0.057599999	  0.155 	  -66.41 	 
0.057799999	  0.155 	  -66.71 	 
0.057999999	  0.154 	  -66.97 	 
0.058199999	  0.154 	  -67.28 	 
0.058399999	  0.154 	  -67.58 	 
0.058599999	  0.153 	  -67.86 	 
0.058799999	  0.153 	  -68.17 	 
0.058999999	  0.153 	  -68.44 	 
0.059199999	  0.152 	  -68.73 	 
0.059399998	  0.152 	  -69.04 	 
0.059599998	  0.152 	  -69.33 	 
0.059799998	  0.151 	  -69.59 	 
0.059999998	  0.150 	  -69.86 	 
0.060199998	  0.151 	  -70.14 	 
0.060399998	  0.151 	  -70.42 	 
0.060599998	  0.150 	  -70.71 	 
0.060799998	  0.150 	  -70.98 	 
0.060999998	  0.149 	  -71.26 	 
0.061199998	  0.150 	  -71.53 	 
0.061399998	  0.149 	  -71.79 	 
0.061599998	  0.149 	  -72.07 	 
0.061799998	  0.148 	  -72.31 	 
0.061999998	  0.149 	  -72.60 	 
0.062199998	  0.148 	  -72.85 	 
0.062399998	  0.148 	  -73.10 	 
0.062599998	  0.148 	  -73.35 	 
0.062799998	  0.147 	  -73.62 	 
0.062999998	  0.147 	  -73.88 	 
0.063199998	  0.146 	  -74.14 	 
0.063399998	  0.146 	  -74.39 	 
0.063599998	  0.146 	  -74.65 	 
0.063799998	  0.146 	  -74.90 	 
0.063999998	  0.146 	  -75.16 	 
0.064199998	  0.145 	  -75.41 	 
0.064399998	  0.145 	  -75.65 	 
0.064599998	  0.144 	  -75.88 	 
0.064799998	  0.144 	  -76.12 	 
0.064999998	  0.144 	  -76.37 	 
0.065199998	  0.143 	  -76.59 	 
0.065399998	  0.143 	  -76.83 	 
0.065599998	  0.144 	  -77.06 	 
0.065799998	  0.143 	  -77.29 	 
0.065999998	  0.143 	  -77.50 	 
0.066199998	  0.143 	  -77.72 	 
0.066399998	  0.143 	  -77.93 	 
0.066599998	  0.142 	  -78.14 	 
0.066799998	  0.142 	  -78.35 	 
0.066999998	  0.141 	  -78.54 	 
0.067199998	  0.141 	  -78.76 	 
0.067399998	  0.141 	  -78.95 	 
0.067599998	  0.141 	  -79.15 	 
0.067799998	  0.140 	  -79.34 	 
0.067999998	  0.140 	  -79.54 	 
0.068199998	  0.141 	  -79.73 	 
0.068399998	  0.141 	  -79.92 	 
0.068599998	  0.140 	  -80.13 	 
0.068799998	  0.140 	  -80.34 	 
0.068999998	  0.139 	  -80.53 	 
0.069199998	  0.139 	  -80.72 	 
0.069399998	  0.139 	  -80.89 	 
0.069599998	  0.139 	  -81.05 	 
0.069799998	  0.139 	  -81.20 	 
0.069999998	  0.138 	  -81.37 	 
0.070199998	  0.138 	  -81.55 	 
0.070399998	  0.138 	  -81.72 	 
0.070599998	  0.138 	  -81.85 	 
0.070799998	  0.137 	  -82.00 	 
0.070999998	  0.137 	  -82.15 	 
0.071199998	  0.137 	  -82.30 	 
0.071399998	  0.137 	  -82.45 	 
0.071599998	  0.137 	  -82.58 	 
0.071799998	  0.136 	  -82.74 	 
0.071999998	  0.136 	  -82.89 	 
0.072199998	  0.136 	  -83.01 	 
0.072399998	  0.136 	  -83.14 	 
0.072599998	  0.136 	  -83.27 	 
0.072799998	  0.136 	  -83.38 	 
0.072999998	  0.136 	  -83.51 	 
0.073199998	  0.135 	  -83.65 	 
0.073399998	  0.136 	  -83.76 	 
0.073599998	  0.136 	  -83.88 	 
0.073799998	  0.135 	  -83.99 	 
0.073999998	  0.135 	  -84.07 	 
0.074199998	  0.135 	  -84.16 	 
0.074399998	  0.135 	  -84.25 	 
0.074599998	  0.135 	  -84.32 	 
0.074799998	  0.135 	  -84.38 	 
0.074999998	  0.135 	  -84.47 	 
0.075199998	  0.134 	  -84.56 	 
0.075399998	  0.134 	  -84.62 	 
0.075599998	  0.134 	  -84.72 	 
0.075799998	  0.134 	  -84.79 	 
0.075999998	  0.134 	  -84.84 	 
0.076199998	  0.134 	  -84.91 	 
0.076399998	  0.134 	  -84.97 	 
0.076599998	  0.134 	  -85.02 	 
0.076799998	  0.134 	  -85.08 	 
0.076999998	  0.134 	  -85.16 	 
0.077199998	  0.134 	  -85.22 	 
0.077399998	  0.133 	  -85.26 	 
0.077599998	  0.133 	  -85.30 	 
0.077799998	  0.133 	  -85.33 	 
0.077999998	  0.133 	  -85.37 	 
0.078199998	  0.133 	  -85.37 	 
0.078399998	  0.134 	  -85.38 	 
0.078599998	  0.132 	  -85.38 	 
0.078799998	  0.134 	  -85.38 	 
0.078999998	  0.133 	  -85.39 	 
0.079199998	  0.132 	  -85.42 	 
0.079399998	  0.132 	  -85.45 	 
0.079599998	  0.132 	  -85.46 	 
0.079799998	  0.133 	  -85.47 	 
0.079999998	  0.133 	  -85.47 	 
0.080199998	  0.133 	  -85.39 	 
0.080399998	  0.133 	  -85.37 	 
0.080599998	  0.133 	  -85.33 	 
0.080799998	  0.133 	  -85.31 	 
0.080999998	  0.132 	  -85.33 	 
0.081199998	  0.132 	  -85.31 	 
0.081399998	  0.132 	  -85.34 	 
0.081599998	  0.132 	  -85.30 	 
0.081799998	  0.133 	  -85.27 	 
0.081999998	  0.132 	  -85.20 	 
0.082199998	  0.132 	  -85.16 	 
0.082399998	  0.133 	  -85.06 	 
0.082599998	  0.132 	  -85.00 	 
0.082799998	  0.133 	  -84.93 	 
0.082999998	  0.132 	  -84.89 	 
0.083199998	  0.132 	  -84.84 	 
0.083399998	  0.133 	  -84.80 	 
0.083599998	  0.133 	  -84.75 	 
0.083799998	  0.132 	  -84.71 	 
0.083999998	  0.133 	  -84.65 	 
0.084199998	  0.133 	  -84.56 	 
0.084399998	  0.132 	  -84.45 	 
0.084599998	  0.133 	  -84.34 	 
0.084799998	  0.133 	  -84.23 	 
0.084999998	  0.133 	  -84.11 	 
0.085199998	  0.132 	  -84.05 	 
0.085399998	  0.133 	  -83.99 	 
0.085599998	  0.132 	  -83.93 	 
0.085799998	  0.132 	  -83.87 	 
0.085999998	  0.133 	  -83.76 	 
0.086199998	  0.133 	  -83.62 	 
0.086399998	  0.133 	  -83.44 	 
0.086599998	  0.133 	  -83.29 	 
0.086799998	  0.133 	  -83.12 	 
0.086999998	  0.133 	  -82.96 	 
0.087199998	  0.134 	  -82.84 	 
0.087399998	  0.133 	  -82.72 	 
0.087599998	  0.133 	  -82.62 	 
0.087799998	  0.134 	  -82.50 	 
0.087999998	  0.134 	  -82.34 	 
0.088199998	  0.134 	  -82.20 	 
0.088399998	  0.134 	  -82.02 	 
0.088599998	  0.134 	  -81.81 	 
0.088799998	  0.134 	  -81.64 	 
0.088999998	  0.134 	  -81.45 	 
0.089199998	  0.134 	  -81.29 	 
0.089399998	  0.134 	  -81.14 	 
0.089599998	  0.135 	  -81.03 	 
0.089799998	  0.134 	  -80.90 	 
0.089999998	  0.134 	  -80.75 	 
0.090199998	  0.135 	  -80.57 	 
0.090399998	  0.134 	  -80.34 	 
0.090599998	  0.134 	  -80.09 	 
0.090799998	  0.134 	  -79.86 	 
0.090999998	  0.134 	  -79.62 	 
0.091199998	  0.135 	  -79.39 	 
0.091399998	  0.135 	  -79.21 	 
0.091599998	  0.135 	  -79.04 	 
0.091799998	  0.135 	  -78.88 	 
0.091999998	  0.136 	  -78.68 	 
0.092199998	  0.135 	  -78.49 	 
0.092399998	  0.135 	  -78.27 	 
0.092599998	  0.136 	  -77.98 	 
0.092799998	  0.136 	  -77.70 	 
0.092999998	  0.136 	  -77.46 	 
0.093199998	  0.136 	  -77.24 	 
0.093399998	  0.136 	  -77.01 	 
0.093599998	  0.136 	  -76.83 	 
0.093799998	  0.137 	  -76.68 	 
0.093999998	  0.137 	  -76.47 	 
0.094199998	  0.137 	  -76.23 	 
0.094399998	  0.138 	  -75.93 	 
0.094599998	  0.138 	  -75.63 	 
0.094799998	  0.138 	  -75.33 	 
0.094999998	  0.137 	  -75.04 	 
0.095199998	  0.138 	  -74.78 	 
0.095399998	  0.138 	  -74.54 	 
0.095599998	  0.137 	  -74.30 	 
0.095799998	  0.139 	  -74.11 	 
0.095999998	  0.138 	  -73.85 	 
0.096199998	  0.139 	  -73.60 	 
0.096399998	  0.139 	  -73.32 	 
0.096599998	  0.140 	  -73.02 	 
0.096799998	  0.139 	  -72.76 	 
0.096999998	  0.140 	  -72.45 	 
0.097199998	  0.140 	  -72.17 	 
0.097399998	  0.139 	  -71.92 	 
0.097599998	  0.141 	  -71.70 	 
0.097799998	  0.140 	  -71.45 	 
0.097999998	  0.140 	  -71.19 	 
0.098199998	  0.140 	  -70.87 	 
0.098399998	  0.141 	  -70.57 	 
0.098599998	  0.141 	  -70.27 	 
0.098799998	  0.141 	  -69.94 	 
0.098999997	  0.142 	  -69.62 	 
0.099199997	  0.142 	  -69.34 	 
0.099399997	  0.142 	  -69.09 	 
0.099599997	  0.142 	  -68.82 	 
0.099799997	  0.143 	  -68.53 	 
0.099999997	  0.143 	  -68.25 	 
0.100199997	  0.144 	  -67.95 	 
0.100399997	  0.143 	  -67.63 	 
0.100599997	  0.143 	  -67.29 	 
0.100799997	  0.144 	  -66.97 	 
0.100999997	  0.144 	  -66.72 	 
0.101199997	  0.144 	  -66.44 	 
0.101399997	  0.145 	  -66.15 	 
0.101599997	  0.145 	  -65.86 	 
0.101799997	  0.144 	  -65.58 	 
0.101999997	  0.145 	  -65.25 	 
0.102199997	  0.145 	  -64.95 	 
0.102399997	  0.145 	  -64.62 	 
0.102599997	  0.146 	  -64.30 	 
0.102799997	  0.146 	  -64.00 	 
0.102999997	  0.146 	  -63.67 	 
0.103199997	  0.147 	  -63.38 	 
0.103399997	  0.147 	  -63.12 	 
0.103599997	  0.147 	  -62.83 	 
0.103799997	  0.148 	  -62.55 	 
0.103999997	  0.147 	  -62.24 	 
0.104199997	  0.148 	  -61.94 	 
0.104399997	  0.148 	  -61.64 	 
0.104599997	  0.148 	  -61.31 	 
0.104799997	  0.149 	  -60.98 	 
0.104999997	  0.149 	  -60.66 	 
0.105199997	  0.149 	  -60.36 	 
0.105399997	  0.150 	  -60.08 	 
0.105599997	  0.150 	  -59.79 	 
0.105799997	  0.150 	  -59.51 	 
0.105999997	  0.151 	  -59.22 	 
0.106199997	  0.151 	  -58.90 	 
0.106399997	  0.151 	  -58.60 	 
0.106599997	  0.152 	  -58.29 	 
0.106799997	  0.152 	  -57.98 	 
0.106999997	  0.151 	  -57.69 	 
0.107199997	  0.153 	  -57.38 	 
0.107399997	  0.153 	  -57.09 	 
0.107599997	  0.153 	  -56.80 	 
0.107799997	  0.154 	  -56.51 	 
0.107999997	  0.153 	  -56.20 	 
0.108199997	  0.153 	  -55.89 	 
0.108399997	  0.154 	  -55.60 	 
0.108599997	  0.154 	  -55.30 	 
0.108799997	  0.155 	  -55.01 	 
0.108999997	  0.155 	  -54.71 	 
0.109199997	  0.155 	  -54.41 	 
0.109399997	  0.155 	  -54.14 	 
0.109599997	  0.157 	  -53.86 	 
0.109799997	  0.156 	  -53.58 	 
0.109999997	  0.157 	  -53.33 	 
0.110199997	  0.157 	  -53.05 	 
0.110399997	  0.157 	  -52.78 	 
0.110599997	  0.157 	  -52.48 	 
0.110799997	  0.158 	  -52.18 	 
0.110999997	  0.158 	  -51.92 	 
0.111199997	  0.158 	  -51.62 	 
0.111399997	  0.159 	  -51.35 	 
0.111599997	  0.159 	  -51.09 	 
0.111799997	  0.159 	  -50.83 	 
0.111999997	  0.159 	  -50.57 	 
0.112199997	  0.159 	  -50.31 	 
0.112399997	  0.160 	  -50.04 	 
0.112599997	  0.161 	  -49.78 	 
0.112799997	  0.161 	  -49.52 	 
0.112999997	  0.162 	  -49.25 	 
0.113199997	  0.161 	  -48.99 	 
0.113399997	  0.162 	  -48.77 	 
0.113599997	  0.162 	  -48.51 	 
0.113799997	  0.162 	  -48.26 	 
0.113999997	  0.162 	  -48.00 	 
0.114199997	  0.163 	  -47.72 	 
0.114399997	  0.163 	  -47.48 	 
0.114599997	  0.163 	  -47.24 	 
0.114799997	  0.163 	  -47.01 	 
0.114999997	  0.164 	  -46.76 	 
0.115199997	  0.164 	  -46.51 	 
0.115399997	  0.165 	  -46.27 	 
0.115599997	  0.165 	  -46.07 	 
0.115799997	  0.165 	  -45.85 	 
0.115999997	  0.165 	  -45.62 	 
0.116199997	  0.165 	  -45.39 	 
0.116399997	  0.166 	  -45.19 	 
0.116599997	  0.167 	  -45.00 	 
0.116799997	  0.166 	  -44.78 	 
0.116999997	  0.167 	  -44.56 	 
0.117199997	  0.167 	  -44.34 	 
0.117399997	  0.167 	  -44.11 	 
0.117599997	  0.167 	  -43.90 	 
0.117799997	  0.168 	  -43.72 	 
0.117999997	  0.168 	  -43.51 	 
0.118199997	  0.168 	  -43.32 	 
0.118399997	  0.169 	  -43.16 	 
0.118599997	  0.169 	  -42.99 	 
0.118799997	  0.169 	  -42.81 	 
0.118999997	  0.169 	  -42.63 	 
0.119199997	  0.170 	  -42.45 	 
0.119399997	  0.170 	  -42.27 	 
0.119599997	  0.171 	  -42.09 	 
0.119799997	  0.171 	  -41.92 	 
0.119999997	  0.171 	  -41.72 	 
0.120199997	  0.171 	  -41.56 	 
0.120399997	  0.171 	  -41.38 	 
0.120599997	  0.172 	  -41.21 	 
0.120799997	  0.172 	  -41.05 	 
0.120999997	  0.172 	  -40.94 	 
0.121199997	  0.172 	  -40.77 	 
0.121399997	  0.172 	  -40.64 	 
0.121599997	  0.173 	  -40.50 	 
0.121799997	  0.173 	  -40.36 	 
0.121999997	  0.173 	  -40.22 	 
0.122199997	  0.173 	  -40.09 	 
0.122399997	  0.173 	  -39.98 	 
0.122599997	  0.174 	  -39.86 	 
0.122799997	  0.173 	  -39.74 	 
0.122999997	  0.173 	  -39.62 	 
0.123199997	  0.175 	  -39.51 	 
0.123399997	  0.174 	  -39.39 	 
0.123599997	  0.175 	  -39.25 	 
0.123799997	  0.175 	  -39.15 	 
0.123999997	  0.174 	  -39.06 	 
0.124199997	  0.175 	  -38.96 	 
0.124399997	  0.175 	  -38.87 	 
0.124599997	  0.175 	  -38.78 	 
0.124799997	  0.176 	  -38.71 	 
0.124999997	  0.176 	  -38.61 	 
0.125199997	  0.176 	  -38.55 	 
0.125399997	  0.176 	  -38.47 	 
0.125599997	  0.177 	  -38.41 	 
0.125799997	  0.176 	  -38.36 	 
0.125999997	  0.176 	  -38.31 	 
0.126199997	  0.176 	  -38.24 	 
0.126399997	  0.176 	  -38.16 	 
0.126599997	  0.177 	  -38.10 	 
0.126799997	  0.178 	  -38.04 	 
0.126999997	  0.177 	  -37.99 	 
0.127199997	  0.178 	  -37.95 	 
0.127399997	  0.178 	  -37.88 	 
0.127599997	  0.177 	  -37.86 	 
0.127799997	  0.178 	  -37.84 	 
0.127999997	  0.178 	  -37.82 	 
0.128199997	  0.177 	  -37.79 	 
0.128399997	  0.177 	  -37.77 	 
0.128599997	  0.178 	  -37.76 	 
0.128799997	  0.178 	  -37.75 	 
0.128999997	  0.178 	  -37.71 	 
0.129199997	  0.178 	  -37.70 	 
0.129399997	  0.179 	  -37.70 	 
0.129599997	  0.179 	  -37.72 	 
0.129799997	  0.178 	  -37.75 	 
0.129999997	  0.178 	  -37.73 	 
0.130199997	  0.179 	  -37.77 	 
0.130399997	  0.178 	  -37.75 	 
0.130599997	  0.179 	  -37.79 	 
0.130799997	  0.179 	  -37.80 	 
0.130999997	  0.179 	  -37.84 	 
0.131199997	  0.178 	  -37.86 	 
0.131399997	  0.179 	  -37.91 	 
0.131599997	  0.179 	  -37.97 	 
0.131799997	  0.179 	  -38.01 	 
0.131999997	  0.179 	  -38.06 	 
0.132199997	  0.178 	  -38.10 	 
0.132399997	  0.179 	  -38.11 	 
0.132599997	  0.179 	  -38.14 	 
0.132799997	  0.178 	  -38.19 	 
0.132999997	  0.178 	  -38.24 	 
0.133199997	  0.179 	  -38.30 	 
0.133399997	  0.179 	  -38.38 	 
0.133599997	  0.179 	  -38.48 	 
0.133799997	  0.178 	  -38.58 	 
0.133999997	  0.179 	  -38.66 	 
0.134199997	  0.178 	  -38.73 	 
0.134399997	  0.179 	  -38.80 	 
0.134599997	  0.178 	  -38.89 	 
0.134799997	  0.179 	  -38.99 	 
0.134999997	  0.179 	  -39.09 	 
0.135199997	  0.179 	  -39.18 	 
0.135399997	  0.179 	  -39.27 	 
0.135599997	  0.179 	  -39.37 	 
0.135799997	  0.178 	  -39.47 	 
0.135999997	  0.178 	  -39.57 	 
0.136199997	  0.178 	  -39.71 	 
0.136399997	  0.178 	  -39.84 	 
0.136599997	  0.178 	  -39.98 	 
0.136799997	  0.178 	  -40.09 	 
0.136999997	  0.177 	  -40.23 	 
0.137199997	  0.178 	  -40.38 	 
0.137399997	  0.177 	  -40.51 	 
0.137599997	  0.177 	  -40.65 	 
0.137799997	  0.178 	  -40.81 	 
0.137999997	  0.177 	  -41.01 	 
0.138199997	  0.177 	  -41.17 	 
0.138399997	  0.177 	  -41.34 	 
0.138599996	  0.176 	  -41.50 	 
0.138799996	  0.177 	  -41.63 	 
0.138999996	  0.177 	  -41.76 	 
0.139199996	  0.176 	  -41.92 	 
0.139399996	  0.176 	  -42.09 	 
0.139599996	  0.177 	  -42.26 	 
0.139799996	  0.175 	  -42.45 	 
0.139999996	  0.176 	  -42.68 	 
0.140199996	  0.176 	  -42.85 	 
0.140399996	  0.176 	  -43.03 	 
0.140599996	  0.176 	  -43.23 	 
0.140799996	  0.176 	  -43.40 	 
0.140999996	  0.175 	  -43.62 	 
0.141199996	  0.175 	  -43.82 	 
0.141399996	  0.175 	  -44.02 	 
0.141599996	  0.175 	  -44.28 	 
0.141799996	  0.175 	  -44.48 	 
0.141999996	  0.175 	  -44.72 	 
0.142199996	  0.175 	  -44.91 	 
0.142399996	  0.174 	  -45.14 	 
0.142599996	  0.175 	  -45.33 	 
0.142799996	  0.174 	  -45.54 	 
0.142999996	  0.174 	  -45.75 	 
0.143199996	  0.174 	  -45.99 	 
0.143399996	  0.173 	  -46.19 	 
0.143599996	  0.173 	  -46.45 	 
0.143799996	  0.173 	  -46.69 	 
0.143999996	  0.172 	  -46.96 	 
0.144199996	  0.173 	  -47.23 	 
0.144399996	  0.173 	  -47.46 	 
0.144599996	  0.172 	  -47.70 	 
0.144799996	  0.173 	  -47.93 	 
0.144999996	  0.172 	  -48.16 	 
0.145199996	  0.172 	  -48.44 	 
0.145399996	  0.172 	  -48.70 	 
0.145599996	  0.172 	  -49.00 	 
0.145799996	  0.171 	  -49.28 	 
0.145999996	  0.171 	  -49.58 	 
0.146199996	  0.171 	  -49.82 	 
0.146399996	  0.170 	  -50.08 	 
0.146599996	  0.170 	  -50.31 	 
0.146799996	  0.171 	  -50.52 	 
0.146999996	  0.169 	  -50.77 	 
0.147199996	  0.169 	  -51.03 	 
0.147399996	  0.170 	  -51.31 	 
0.147599996	  0.169 	  -51.60 	 
0.147799996	  0.169 	  -51.92 	 
0.147999996	  0.169 	  -52.21 	 
0.148199996	  0.169 	  -52.48 	 
0.148399996	  0.168 	  -52.76 	 
0.148599996	  0.168 	  -53.02 	 
0.148799996	  0.168 	  -53.29 	 
0.148999996	  0.167 	  -53.55 	 
0.149199996	  0.167 	  -53.86 	 
0.149399996	  0.167 	  -54.18 	 
0.149599996	  0.166 	  -54.51 	 
0.149799996	  0.166 	  -54.82 	 
0.149999996	  0.166 	  -55.13 	 
0.150199996	  0.166 	  -55.42 	 
0.150399996	  0.166 	  -55.68 	 
0.150599996	  0.165 	  -55.94 	 
0.150799996	  0.165 	  -56.20 	 
0.150999996	  0.165 	  -56.49 	 
0.151199996	  0.165 	  -56.79 	 
0.151399996	  0.164 	  -57.09 	 
0.151599996	  0.164 	  -57.42 	 
0.151799996	  0.163 	  -57.73 	 
0.151999996	  0.164 	  -58.06 	 
0.152199996	  0.163 	  -58.36 	 
0.152399996	  0.163 	  -58.66 	 
0.152599996	  0.162 	  -58.91 	 
0.152799996	  0.162 	  -59.18 	 
0.152999996	  0.162 	  -59.49 	 
0.153199996	  0.162 	  -59.80 	 
0.153399996	  0.161 	  -60.12 	 
0.153599996	  0.161 	  -60.46 	 
0.153799996	  0.161 	  -60.78 	 
0.153999996	  0.160 	  -61.06 	 
0.154199996	  0.160 	  -61.37 	 
0.154399996	  0.160 	  -61.64 	 
0.154599996	  0.159 	  -61.91 	 
0.154799996	  0.160 	  -62.18 	 
0.154999996	  0.159 	  -62.45 	 
0.155199996	  0.159 	  -62.76 	 
0.155399996	  0.158 	  -63.08 	 
0.155599996	  0.158 	  -63.41 	 
0.155799996	  0.158 	  -63.72 	 
0.155999996	  0.158 	  -64.03 	 
0.156199996	  0.157 	  -64.35 	 
0.156399996	  0.156 	  -64.59 	 
0.156599996	  0.157 	  -64.89 	 
0.156799996	  0.157 	  -65.16 	 
0.156999996	  0.156 	  -65.47 	 
0.157199996	  0.155 	  -65.79 	 
0.157399996	  0.156 	  -66.13 	 
0.157599996	  0.155 	  -66.46 	 
0.157799996	  0.155 	  -66.78 	 
0.157999996	  0.155 	  -67.07 	 
0.158199996	  0.154 	  -67.34 	 
0.158399996	  0.153 	  -67.60 	 
0.158599996	  0.154 	  -67.84 	 
0.158799996	  0.153 	  -68.13 	 
0.158999996	  0.153 	  -68.41 	 
0.159199996	  0.153 	  -68.69 	 
0.159399996	  0.152 	  -68.98 	 
0.159599996	  0.152 	  -69.29 	 
0.159799996	  0.152 	  -69.59 	 
0.159999996	  0.152 	  -69.86 	 
0.160199996	  0.151 	  -70.15 	 
0.160399996	  0.150 	  -70.44 	 
0.160599996	  0.150 	  -70.68 	 
0.160799996	  0.150 	  -70.95 	 
0.160999996	  0.150 	  -71.21 	 
0.161199996	  0.149 	  -71.50 	 
0.161399996	  0.149 	  -71.80 	 
0.161599996	  0.149 	  -72.11 	 
0.161799996	  0.149 	  -72.37 	 
0.161999996	  0.148 	  -72.64 	 
0.162199996	  0.148 	  -72.88 	 
0.162399996	  0.148 	  -73.12 	 
0.162599996	  0.147 	  -73.36 	 
0.162799996	  0.147 	  -73.61 	 
0.162999996	  0.147 	  -73.84 	 
0.163199996	  0.146 	  -74.08 	 
0.163399996	  0.147 	  -74.37 	 
0.163599996	  0.146 	  -74.63 	 
0.163799996	  0.145 	  -74.90 	 
0.163999996	  0.146 	  -75.15 	 
0.164199996	  0.145 	  -75.42 	 
0.164399996	  0.145 	  -75.63 	 
0.164599996	  0.145 	  -75.86 	 
0.164799996	  0.144 	  -76.09 	 
0.164999996	  0.144 	  -76.32 	 
0.165199996	  0.144 	  -76.56 	 
0.165399996	  0.143 	  -76.83 	 
0.165599996	  0.144 	  -77.07 	 
0.165799996	  0.143 	  -77.33 	 
0.165999996	  0.143 	  -77.53 	 
0.166199996	  0.143 	  -77.74 	 
0.166399996	  0.143 	  -77.95 	 
0.166599996	  0.142 	  -78.14 	 
0.166799996	  0.142 	  -78.34 	 
0.166999996	  0.142 	  -78.52 	 
0.167199996	  0.141 	  -78.73 	 
0.167399996	  0.142 	  -78.93 	 
0.167599996	  0.142 	  -79.14 	 
0.167799996	  0.140 	  -79.37 	 
0.167999996	  0.140 	  -79.56 	 
0.168199996	  0.141 	  -79.77 	 
0.168399996	  0.140 	  -79.96 	 
0.168599996	  0.139 	  -80.11 	 
0.168799996	  0.140 	  -80.29 	 
0.168999996	  0.140 	  -80.47 	 
0.169199996	  0.139 	  -80.66 	 
0.169399996	  0.139 	  -80.88 	 
0.169599996	  0.139 	  -81.08 	 
0.169799996	  0.139 	  -81.23 	 
0.169999996	  0.139 	  -81.42 	 
0.170199996	  0.138 	  -81.57 	 
0.170399996	  0.138 	  -81.71 	 
0.170599996	  0.137 	  -81.85 	 
0.170799996	  0.137 	  -81.99 	 
0.170999996	  0.138 	  -82.14 	 
0.171199996	  0.137 	  -82.28 	 
0.171399996	  0.137 	  -82.43 	 
0.171599996	  0.137 	  -82.59 	 
0.171799996	  0.136 	  -82.75 	 
0.171999996	  0.136 	  -82.88 	 
0.172199996	  0.136 	  -83.01 	 
0.172399996	  0.137 	  -83.16 	 
0.172599996	  0.136 	  -83.24 	 
0.172799996	  0.136 	  -83.36 	 
0.172999996	  0.136 	  -83.46 	 
0.173199996	  0.135 	  -83.61 	 
0.173399996	  0.136 	  -83.73 	 
0.173599996	  0.136 	  -83.86 	 
0.173799996	  0.135 	  -83.99 	 
0.173999996	  0.135 	  -84.10 	 
0.174199996	  0.135 	  -84.18 	 
0.174399996	  0.135 	  -84.26 	 
0.174599996	  0.135 	  -84.31 	 
0.174799996	  0.134 	  -84.40 	 
0.174999996	  0.134 	  -84.45 	 
0.175199996	  0.135 	  -84.54 	 
0.175399996	  0.134 	  -84.60 	 
0.175599996	  0.134 	  -84.70 	 
0.175799996	  0.134 	  -84.78 	 
0.175999996	  0.134 	  -84.86 	 
0.176199996	  0.134 	  -84.93 	 
0.176399996	  0.134 	  -84.97 	 
0.176599996	  0.133 	  -85.02 	 
0.176799996	  0.134 	  -85.05 	 
0.176999996	  0.133 	  -85.11 	 
0.177199996	  0.134 	  -85.15 	 
0.177399996	  0.133 	  -85.17 	 
0.177599996	  0.133 	  -85.25 	 
0.177799996	  0.134 	  -85.33 	 
0.177999996	  0.133 	  -85.39 	 
0.178199995	  0.134 	  -85.42 	 
0.178399995	  0.133 	  -85.44 	 
0.178599995	  0.132 	  -85.42 	 
0.178799995	  0.133 	  -85.42 	 
0.178999995	  0.134 	  -85.41 	 
0.179199995	  0.132 	  -85.42 	 
0.179399995	  0.132 	  -85.40 	 
0.179599995	  0.132 	  -85.40 	 
0.179799995	  0.132 	  -85.41 	 
0.179999995	  0.133 	  -85.40 	 
0.180199995	  0.132 	  -85.41 	 
0.180399995	  0.132 	  -85.39 	 
0.180599995	  0.133 	  -85.39 	 
0.180799995	  0.132 	  -85.39 	 
0.180999995	  0.133 	  -85.36 	 
0.181199995	  0.133 	  -85.31 	 
0.181399995	  0.132 	  -85.26 	 
0.181599995	  0.132 	  -85.20 	 
0.181799995	  0.132 	  -85.19 	 
0.181999995	  0.132 	  -85.16 	 
0.182199995	  0.132 	  -85.16 	 
0.182399995	  0.132 	  -85.15 	 
0.182599995	  0.132 	  -85.11 	 
0.182799995	  0.132 	  -85.04 	 
0.182999995	  0.132 	  -84.97 	 
0.183199995	  0.132 	  -84.87 	 
0.183399995	  0.133 	  -84.76 	 
0.183599995	  0.133 	  -84.68 	 
0.183799995	  0.132 	  -84.62 	 
0.183999995	  0.133 	  -84.54 	 
0.184199995	  0.132 	  -84.49 	 
0.184399995	  0.132 	  -84.45 	 
0.184599995	  0.132 	  -84.36 	 
0.184799995	  0.132 	  -84.30 	 
0.184999995	  0.132 	  -84.20 	 
0.185199995	  0.133 	  -84.10 	 
0.185399995	  0.133 	  -83.98 	 
0.185599995	  0.132 	  -83.84 	 
0.185799995	  0.133 	  -83.73 	 
0.185999995	  0.133 	  -83.60 	 
0.186199995	  0.133 	  -83.51 	 
0.186399995	  0.133 	  -83.45 	 
0.186599995	  0.133 	  -83.35 	 
0.186799995	  0.133 	  -83.27 	 
0.186999995	  0.133 	  -83.13 	 
0.187199995	  0.133 	  -82.96 	 
0.187399995	  0.133 	  -82.75 	 
0.187599995	  0.134 	  -82.56 	 
0.187799995	  0.133 	  -82.38 	 
0.187999995	  0.134 	  -82.20 	 
0.188199995	  0.134 	  -82.08 	 
0.188399995	  0.134 	  -81.97 	 
0.188599995	  0.134 	  -81.86 	 
0.188799995	  0.134 	  -81.71 	 
0.188999995	  0.133 	  -81.55 	 
0.189199995	  0.134 	  -81.37 	 
0.189399995	  0.134 	  -81.16 	 
0.189599995	  0.134 	  -80.97 	 
0.189799995	  0.135 	  -80.77 	 
0.189999995	  0.134 	  -80.59 	 
0.190199995	  0.134 	  -80.44 	 
0.190399995	  0.134 	  -80.29 	 
0.190599995	  0.134 	  -80.14 	 
0.190799995	  0.134 	  -79.97 	 
0.190999995	  0.135 	  -79.76 	 
0.191199995	  0.135 	  -79.54 	 
0.191399995	  0.135 	  -79.27 	 
0.191599995	  0.135 	  -79.01 	 
0.191799995	  0.136 	  -78.78 	 
0.191999995	  0.136 	  -78.55 	 
0.192199995	  0.135 	  -78.38 	 
0.192399995	  0.136 	  -78.18 	 
0.192599995	  0.136 	  -77.99 	 
0.192799995	  0.136 	  -77.78 	 
0.192999995	  0.136 	  -77.55 	 
0.193199995	  0.136 	  -77.31 	 
0.193399995	  0.136 	  -77.06 	 
0.193599995	  0.136 	  -76.81 	 
0.193799995	  0.137 	  -76.56 	 
0.193999995	  0.137 	  -76.32 	 
0.194199995	  0.136 	  -76.10 	 
0.194399995	  0.137 	  -75.92 	 
0.194599995	  0.137 	  -75.69 	 
0.194799995	  0.137 	  -75.44 	 
0.194999995	  0.138 	  -75.17 	 
0.195199995	  0.138 	  -74.87 	 
0.195399995	  0.138 	  -74.56 	 
0.195599995	  0.139 	  -74.28 	 
0.195799995	  0.138 	  -74.01 	 
0.195999995	  0.138 	  -73.75 	 
0.196199995	  0.139 	  -73.53 	 
0.196399995	  0.139 	  -73.29 	 
0.196599995	  0.139 	  -73.05 	 
0.196799995	  0.139 	  -72.78 	 
0.196999995	  0.139 	  -72.49 	 
0.197199995	  0.139 	  -72.21 	 
0.197399995	  0.139 	  -71.93 	 
0.197599995	  0.140 	  -71.63 	 
0.197799995	  0.141 	  -71.35 	 
0.197999995	  0.140 	  -71.09 	 
0.198199995	  0.141 	  -70.85 	 
0.198399995	  0.141 	  -70.61 	 
0.198599995	  0.141 	  -70.33 	 
0.198799995	  0.141 	  -70.02 	 
0.198999995	  0.142 	  -69.70 	 
0.199199995	  0.142 	  -69.39 	 
0.199399995	  0.142 	  -69.07 	 
0.199599995	  0.142 	  -68.77 	 
0.199799995	  0.142 	  -68.47 	 
0.199999995	  0.143 	  -68.19 	 
0.200199995	  0.144 	  -67.90 	 
0.200399995	  0.143 	  -67.63 	 
0.200599995	  0.143 	  -67.35 	 
0.200799995	  0.144 	  -67.06 	 
0.200999995	  0.144 	  -66.72 	 
0.201199995	  0.144 	  -66.43 	 
0.201399995	  0.144 	  -66.14 	 
0.201599995	  0.145 	  -65.85 	 
0.201799995	  0.145 	  -65.55 	 
0.201999995	  0.145 	  -65.23 	 
0.202199995	  0.146 	  -64.94 	 
0.202399995	  0.145 	  -64.61 	 
0.202599995	  0.145 	  -64.33 	 
0.202799995	  0.146 	  -64.02 	 
0.202999995	  0.147 	  -63.72 	 
0.203199995	  0.146 	  -63.40 	 
0.203399995	  0.147 	  -63.08 	 
0.203599995	  0.148 	  -62.77 	 
0.203799995	  0.147 	  -62.49 	 
0.203999995	  0.149 	  -62.20 	 
0.204199995	  0.149 	  -61.91 	 
0.204399995	  0.148 	  -61.64 	 
0.204599995	  0.149 	  -61.33 	 
