0.000000000	  0.135 	  -62.27 	 
0.016600000	  0.138 	  -59.74 	 
0.033199999	  0.140 	  -57.36 	 
0.049799999	  0.142 	  -54.90 	 
0.066399999	  0.144 	  -52.51 	 
0.082999999	  0.147 	  -50.26 	 
0.099599998	  0.149 	  -48.13 	 
0.116199998	  0.151 	  -46.16 	 
0.132799998	  0.153 	  -44.30 	 
0.149399998	  0.155 	  -42.69 	 
0.165999997	  0.157 	  -41.29 	 
0.182599997	  0.159 	  -40.02 	 
0.199199997	  0.160 	  -39.11 	 
0.215799997	  0.161 	  -38.34 	 
0.232399996	  0.162 	  -37.95 	 
0.248999996	  0.163 	  -37.68 	 
0.265599996	  0.163 	  -37.70 	 
0.282199996	  0.162 	  -38.01 	 
0.298799995	  0.162 	  -38.54 	 
0.315399995	  0.162 	  -39.40 	 
0.331999995	  0.161 	  -40.44 	 
0.348599995	  0.161 	  -41.74 	 
0.365199994	  0.160 	  -43.24 	 
0.381799994	  0.159 	  -44.87 	 
0.398399994	  0.158 	  -46.80 	 
0.414999994	  0.156 	  -48.85 	 
0.431599993	  0.154 	  -51.00 	 
0.448199993	  0.152 	  -53.31 	 
0.464799993	  0.151 	  -55.69 	 
0.481399992	  0.148 	  -58.15 	 
0.497999992	  0.146 	  -60.67 	 
0.514599992	  0.144 	  -63.11 	 
0.531199992	  0.141 	  -65.58 	 
0.547799991	  0.139 	  -68.03 	 
0.564399991	  0.137 	  -70.36 	 
0.580999991	  0.135 	  -72.68 	 
0.597599991	  0.133 	  -74.81 	 
0.614199990	  0.131 	  -76.86 	 
0.630799990	  0.129 	  -78.64 	 
0.647399990	  0.127 	  -80.31 	 
0.663999990	  0.126 	  -81.76 	 
0.680599989	  0.125 	  -82.96 	 
0.697199989	  0.125 	  -83.97 	 
0.713799989	  0.123 	  -84.74 	 
0.730399989	  0.123 	  -85.29 	 
0.746999988	  0.122 	  -85.52 	 
0.763599988	  0.123 	  -85.50 	 
0.780199988	  0.122 	  -85.17 	 
0.796799988	  0.122 	  -84.71 	 
0.813399987	  0.123 	  -83.90 	 
0.829999987	  0.122 	  -82.95 	 
0.846599987	  0.123 	  -81.66 	 
0.863199987	  0.124 	  -80.13 	 
0.879799986	  0.125 	  -78.50 	 
0.896399986	  0.125 	  -76.65 	 
0.912999986	  0.127 	  -74.60 	 
0.929599985	  0.129 	  -72.40 	 
0.946199985	  0.130 	  -70.23 	 
0.962799985	  0.131 	  -67.77 	 
0.979399985	  0.133 	  -65.27 	 
0.995999984	  0.135 	  -62.90 	 
1.012599984	  0.138 	  -60.36 	 
1.029199984	  0.139 	  -57.88 	 
1.045799984	  0.142 	  -55.47 	 
1.062399983	  0.144 	  -53.13 	 
1.078999983	  0.146 	  -50.77 	 
1.095599983	  0.149 	  -48.61 	 
1.112199983	  0.151 	  -46.60 	 
1.128799982	  0.153 	  -44.74 	 
1.145399982	  0.154 	  -43.10 	 
1.161999982	  0.156 	  -41.61 	 
1.178599982	  0.158 	  -40.36 	 
1.195199981	  0.159 	  -39.33 	 
1.211799981	  0.161 	  -38.52 	 
1.228399981	  0.161 	  -38.01 	 
1.244999981	  0.163 	  -37.72 	 
1.261599980	  0.162 	  -37.73 	 
1.278199980	  0.162 	  -37.90 	 
1.294799980	  0.162 	  -38.43 	 
1.311399980	  0.162 	  -39.15 	 
1.327999979	  0.162 	  -40.19 	 
1.344599979	  0.161 	  -41.40 	 
1.361199979	  0.160 	  -42.84 	 
1.377799978	  0.159 	  -44.53 	 
1.394399978	  0.158 	  -46.38 	 
1.410999978	  0.156 	  -48.42 	 
1.427599978	  0.154 	  -50.55 	 
1.444199977	  0.152 	  -52.75 	 
1.460799977	  0.150 	  -55.13 	 
1.477399977	  0.149 	  -57.53 	 
1.493999977	  0.147 	  -59.99 	 
1.510599976	  0.144 	  -62.58 	 
1.527199976	  0.141 	  -65.04 	 
1.543799976	  0.139 	  -67.44 	 
1.560399976	  0.137 	  -69.83 	 
1.576999975	  0.135 	  -72.08 	 
1.593599975	  0.133 	  -74.35 	 
1.610199975	  0.131 	  -76.30 	 
1.626799975	  0.130 	  -78.27 	 
1.643399974	  0.128 	  -79.86 	 
1.659999974	  0.127 	  -81.40 	 
1.676599974	  0.125 	  -82.65 	 
1.693199974	  0.124 	  -83.77 	 
1.709799973	  0.123 	  -84.54 	 
1.726399973	  0.123 	  -85.09 	 
1.742999973	  0.122 	  -85.37 	 
1.759599973	  0.122 	  -85.46 	 
1.776199972	  0.121 	  -85.27 	 
1.792799972	  0.122 	  -84.85 	 
1.809399972	  0.122 	  -84.14 	 
1.825999971	  0.122 	  -83.10 	 
1.842599971	  0.123 	  -81.94 	 
1.859199971	  0.124 	  -80.50 	 
1.875799971	  0.125 	  -78.90 	 
1.892399970	  0.126 	  -77.05 	 
1.908999970	  0.127 	  -75.07 	 
1.925599970	  0.128 	  -72.94 	 
1.942199970	  0.130 	  -70.73 	 
1.958799969	  0.131 	  -68.33 	 
1.975399969	  0.132 	  -65.93 	 
1.991999969	  0.135 	  -63.43 	 
2.008599969	  0.136 	  -60.97 	 
2.025199968	  0.138 	  -58.47 	 
2.041799968	  0.141 	  -55.98 	 
2.058399968	  0.143 	  -53.62 	 
2.074999968	  0.145 	  -51.34 	 
2.091599967	  0.148 	  -49.13 	 
2.108199967	  0.150 	  -47.10 	 
2.124799967	  0.152 	  -45.20 	 
2.141399967	  0.154 	  -43.46 	 
2.157999966	  0.156 	  -41.96 	 
2.174599966	  0.157 	  -40.65 	 
2.191199966	  0.159 	  -39.56 	 
2.207799966	  0.160 	  -38.75 	 
2.224399965	  0.161 	  -38.12 	 
2.240999965	  0.162 	  -37.79 	 
2.257599965	  0.162 	  -37.71 	 
2.274199964	  0.163 	  -37.87 	 
2.290799964	  0.162 	  -38.29 	 
2.307399964	  0.162 	  -39.00 	 
2.323999964	  0.161 	  -39.94 	 
2.340599963	  0.160 	  -41.10 	 
2.357199963	  0.160 	  -42.52 	 
2.373799963	  0.159 	  -44.06 	 
2.390399963	  0.158 	  -45.88 	 
2.406999962	  0.157 	  -47.90 	 
2.423599962	  0.155 	  -50.00 	 
2.440199962	  0.153 	  -52.20 	 
2.456799962	  0.151 	  -54.58 	 
2.473399961	  0.150 	  -56.94 	 
2.489999961	  0.146 	  -59.44 	 
2.506599961	  0.144 	  -61.92 	 
2.523199961	  0.142 	  -64.46 	 
2.539799960	  0.140 	  -66.83 	 
2.556399960	  0.137 	  -69.22 	 
2.572999960	  0.135 	  -71.56 	 
2.589599960	  0.133 	  -73.75 	 
2.606199959	  0.132 	  -75.80 	 
2.622799959	  0.130 	  -77.75 	 
2.639399959	  0.129 	  -79.50 	 
2.655999959	  0.127 	  -81.03 	 
2.672599958	  0.125 	  -82.30 	 
2.689199958	  0.124 	  -83.48 	 
2.705799958	  0.124 	  -84.34 	 
2.722399957	  0.122 	  -84.94 	 
2.738999957	  0.122 	  -85.36 	 
2.755599957	  0.122 	  -85.49 	 
2.772199957	  0.122 	  -85.30 	 
2.788799956	  0.121 	  -84.93 	 
2.805399956	  0.121 	  -84.28 	 
2.821999956	  0.122 	  -83.35 	 
2.838599956	  0.123 	  -82.27 	 
2.855199955	  0.123 	  -80.85 	 
2.871799955	  0.124 	  -79.28 	 
2.888399955	  0.125 	  -77.49 	 
2.904999955	  0.127 	  -75.56 	 
2.921599954	  0.128 	  -73.47 	 
2.938199954	  0.129 	  -71.24 	 
2.954799954	  0.131 	  -68.95 	 
2.971399954	  0.132 	  -66.45 	 
2.987999953	  0.134 	  -64.05 	 
3.004599953	  0.136 	  -61.50 	 
3.021199953	  0.138 	  -59.10 	 
3.037799953	  0.140 	  -56.61 	 
3.054399952	  0.143 	  -54.21 	 
3.070999952	  0.145 	  -51.88 	 
3.087599952	  0.147 	  -49.69 	 
3.104199952	  0.150 	  -47.57 	 
3.120799951	  0.152 	  -45.69 	 
3.137399951	  0.154 	  -43.89 	 
3.153999951	  0.156 	  -42.31 	 
3.170599950	  0.157 	  -40.95 	 
3.187199950	  0.158 	  -39.79 	 
3.203799950	  0.160 	  -38.93 	 
3.220399950	  0.161 	  -38.27 	 
3.236999949	  0.161 	  -37.90 	 
3.253599949	  0.162 	  -37.73 	 
3.270199949	  0.162 	  -37.79 	 
3.286799949	  0.162 	  -38.23 	 
3.303399948	  0.162 	  -38.78 	 
3.319999948	  0.162 	  -39.76 	 
3.336599948	  0.161 	  -40.78 	 
3.353199948	  0.160 	  -42.18 	 
3.369799947	  0.159 	  -43.66 	 
3.386399947	  0.158 	  -45.48 	 
3.402999947	  0.157 	  -47.37 	 
3.419599947	  0.155 	  -49.47 	 
3.436199946	  0.154 	  -51.64 	 
3.452799946	  0.152 	  -54.01 	 
3.469399946	  0.148 	  -56.40 	 
3.485999946	  0.147 	  -58.83 	 
3.502599945	  0.144 	  -61.33 	 
3.519199945	  0.143 	  -63.78 	 
3.535799945	  0.140 	  -66.25 	 
3.552399945	  0.138 	  -68.67 	 
3.568999944	  0.136 	  -70.99 	 
3.585599944	  0.134 	  -73.25 	 
3.602199944	  0.132 	  -75.38 	 
3.618799943	  0.131 	  -77.28 	 
3.635399943	  0.129 	  -79.10 	 
3.651999943	  0.127 	  -80.68 	 
3.668599943	  0.126 	  -82.08 	 
3.685199942	  0.125 	  -83.20 	 
3.701799942	  0.123 	  -84.12 	 
3.718399942	  0.122 	  -84.83 	 
3.734999942	  0.122 	  -85.30 	 
3.751599941	  0.122 	  -85.44 	 
3.768199941	  0.122 	  -85.38 	 
3.784799941	  0.122 	  -85.06 	 
3.801399941	  0.121 	  -84.45 	 
3.817999940	  0.122 	  -83.58 	 
3.834599940	  0.122 	  -82.52 	 
3.851199940	  0.123 	  -81.23 	 
3.867799940	  0.124 	  -79.69 	 
3.884399939	  0.125 	  -77.91 	 
3.900999939	  0.126 	  -76.04 	 
3.917599939	  0.127 	  -74.04 	 
3.934199939	  0.129 	  -71.79 	 
3.950799938	  0.130 	  -69.48 	 
3.967399938	  0.132 	  -67.09 	 
3.983999938	  0.133 	  -64.61 	 
4.000599938	  0.135 	  -62.17 	 
4.017199937	  0.137 	  -59.68 	 
4.033799937	  0.139 	  -57.20 	 
4.050399937	  0.141 	  -54.75 	 
4.066999936	  0.144 	  -52.41 	 
4.083599936	  0.146 	  -50.19 	 
4.100199936	  0.149 	  -48.08 	 
4.116799936	  0.151 	  -46.08 	 
4.133399935	  0.153 	  -44.29 	 
4.149999935	  0.155 	  -42.68 	 
4.166599935	  0.157 	  -41.24 	 
4.183199935	  0.158 	  -40.05 	 
4.199799934	  0.159 	  -39.09 	 
4.216399934	  0.160 	  -38.43 	 
4.232999934	  0.161 	  -37.94 	 
4.249599934	  0.161 	  -37.72 	 
4.266199933	  0.162 	  -37.79 	 
4.282799933	  0.162 	  -38.04 	 
4.299399933	  0.162 	  -38.67 	 
4.315999933	  0.161 	  -39.45 	 
4.332599932	  0.161 	  -40.51 	 
4.349199932	  0.160 	  -41.80 	 
4.365799932	  0.159 	  -43.34 	 
4.382399932	  0.158 	  -44.98 	 
4.398999931	  0.157 	  -46.91 	 
4.415599931	  0.155 	  -48.92 	 
4.432199931	  0.153 	  -51.06 	 
4.448799931	  0.152 	  -53.39 	 
4.465399930	  0.150 	  -55.82 	 
4.481999930	  0.147 	  -58.21 	 
4.498599930	  0.145 	  -60.72 	 
4.515199929	  0.143 	  -63.22 	 
4.531799929	  0.141 	  -65.66 	 
4.548399929	  0.139 	  -68.04 	 
4.564999929	  0.136 	  -70.47 	 
4.581599928	  0.135 	  -72.67 	 
4.598199928	  0.132 	  -74.90 	 
4.614799928	  0.130 	  -76.79 	 
4.631399928	  0.129 	  -78.65 	 
4.647999927	  0.127 	  -80.29 	 
4.664599927	  0.126 	  -81.78 	 
4.681199927	  0.124 	  -82.94 	 
4.697799927	  0.123 	  -83.97 	 
4.714399926	  0.123 	  -84.71 	 
4.730999926	  0.122 	  -85.17 	 
4.747599926	  0.122 	  -85.43 	 
4.764199926	  0.121 	  -85.43 	 
4.780799925	  0.121 	  -85.13 	 
4.797399925	  0.121 	  -84.62 	 
4.813999925	  0.122 	  -83.84 	 
4.830599925	  0.122 	  -82.78 	 
4.847199924	  0.122 	  -81.55 	 
4.863799924	  0.124 	  -80.06 	 
4.880399924	  0.124 	  -78.42 	 
4.896999924	  0.126 	  -76.52 	 
4.913599923	  0.127 	  -74.52 	 
4.930199923	  0.128 	  -72.30 	 
4.946799923	  0.129 	  -70.03 	 
4.963399922	  0.131 	  -67.71 	 
4.979999922	  0.133 	  -65.21 	 
4.996599922	  0.135 	  -62.77 	 
5.013199922	  0.136 	  -60.28 	 
5.029799921	  0.138 	  -57.76 	 
5.046399921	  0.141 	  -55.35 	 
5.062999921	  0.144 	  -52.99 	 
5.079599921	  0.146 	  -50.74 	 
5.096199920	  0.147 	  -48.58 	 
5.112799920	  0.150 	  -46.54 	 
5.129399920	  0.152 	  -44.70 	 
5.145999920	  0.154 	  -42.99 	 
5.162599919	  0.155 	  -41.58 	 
5.179199919	  0.158 	  -40.34 	 
5.195799919	  0.158 	  -39.29 	 
5.212399919	  0.159 	  -38.55 	 
5.228999918	  0.161 	  -37.99 	 
5.245599918	  0.161 	  -37.75 	 
5.262199918	  0.162 	  -37.75 	 
5.278799918	  0.162 	  -38.01 	 
5.295399917	  0.162 	  -38.45 	 
5.311999917	  0.161 	  -39.24 	 
5.328599917	  0.161 	  -40.20 	 
5.345199917	  0.159 	  -41.45 	 
5.361799916	  0.159 	  -42.94 	 
5.378399916	  0.158 	  -44.59 	 
5.394999916	  0.157 	  -46.44 	 
5.411599915	  0.155 	  -48.40 	 
5.428199915	  0.153 	  -50.59 	 
5.444799915	  0.152 	  -52.85 	 
5.461399915	  0.150 	  -55.26 	 
5.477999914	  0.148 	  -57.63 	 
5.494599914	  0.146 	  -60.10 	 
5.511199914	  0.144 	  -62.64 	 
5.527799914	  0.141 	  -65.07 	 
5.544399913	  0.139 	  -67.48 	 
5.560999913	  0.137 	  -69.86 	 
5.577599913	  0.135 	  -72.23 	 
5.594199913	  0.132 	  -74.35 	 
5.610799912	  0.131 	  -76.38 	 
5.627399912	  0.129 	  -78.22 	 
5.643999912	  0.127 	  -79.93 	 
5.660599912	  0.126 	  -81.40 	 
5.677199911	  0.124 	  -82.70 	 
5.693799911	  0.124 	  -83.73 	 
5.710399911	  0.123 	  -84.55 	 
5.726999911	  0.122 	  -85.09 	 
5.743599910	  0.122 	  -85.37 	 
5.760199910	  0.121 	  -85.44 	 
5.776799910	  0.121 	  -85.26 	 
5.793399910	  0.121 	  -84.79 	 
5.809999909	  0.121 	  -84.06 	 
5.826599909	  0.122 	  -83.02 	 
5.843199909	  0.122 	  -81.87 	 
5.859799908	  0.123 	  -80.42 	 
5.876399908	  0.124 	  -78.80 	 
5.892999908	  0.125 	  -77.00 	 
5.909599908	  0.126 	  -75.03 	 
5.926199907	  0.127 	  -72.88 	 
5.942799907	  0.129 	  -70.55 	 
5.959399907	  0.130 	  -68.27 	 
5.975999907	  0.132 	  -65.80 	 
5.992599906	  0.134 	  -63.39 	 
6.009199906	  0.136 	  -60.89 	 
6.025799906	  0.138 	  -58.40 	 
6.042399906	  0.140 	  -55.91 	 
6.058999905	  0.143 	  -53.57 	 
6.075599905	  0.145 	  -51.30 	 
6.092199905	  0.147 	  -49.08 	 
6.108799905	  0.149 	  -47.04 	 
6.125399904	  0.152 	  -45.13 	 
6.141999904	  0.154 	  -43.42 	 
6.158599904	  0.155 	  -41.93 	 
6.175199904	  0.157 	  -40.60 	 
6.191799903	  0.158 	  -39.57 	 
6.208399903	  0.159 	  -38.69 	 
6.224999903	  0.160 	  -38.14 	 
6.241599903	  0.161 	  -37.75 	 
6.258199902	  0.161 	  -37.73 	 
6.274799902	  0.162 	  -37.89 	 
6.291399902	  0.162 	  -38.37 	 
6.307999901	  0.161 	  -38.98 	 
6.324599901	  0.160 	  -40.01 	 
6.341199901	  0.160 	  -41.12 	 
6.357799901	  0.159 	  -42.59 	 
6.374399900	  0.158 	  -44.14 	 
6.390999900	  0.157 	  -45.99 	 
6.407599900	  0.156 	  -47.94 	 
6.424199900	  0.154 	  -50.07 	 
6.440799899	  0.152 	  -52.26 	 
6.457399899	  0.150 	  -54.60 	 
6.473999899	  0.148 	  -57.09 	 
6.490599899	  0.146 	  -59.51 	 
6.507199898	  0.144 	  -61.96 	 
6.523799898	  0.142 	  -64.47 	 
6.540399898	  0.139 	  -66.91 	 
6.556999898	  0.137 	  -69.33 	 
6.573599897	  0.135 	  -71.63 	 
6.590199897	  0.133 	  -73.81 	 
6.606799897	  0.131 	  -75.88 	 
6.623399897	  0.130 	  -77.82 	 
6.639999896	  0.127 	  -79.50 	 
6.656599896	  0.126 	  -81.10 	 
6.673199896	  0.124 	  -82.39 	 
6.689799896	  0.124 	  -83.54 	 
6.706399895	  0.123 	  -84.33 	 
6.722999895	  0.122 	  -84.98 	 
6.739599895	  0.121 	  -85.35 	 
6.756199894	  0.121 	  -85.44 	 
6.772799894	  0.122 	  -85.29 	 
6.789399894	  0.121 	  -84.93 	 
6.805999894	  0.121 	  -84.20 	 
6.822599893	  0.122 	  -83.34 	 
6.839199893	  0.122 	  -82.15 	 
6.855799893	  0.122 	  -80.80 	 
6.872399893	  0.123 	  -79.17 	 
6.888999892	  0.125 	  -77.44 	 
6.905599892	  0.126 	  -75.46 	 
6.922199892	  0.127 	  -73.41 	 
6.938799892	  0.128 	  -71.14 	 
6.955399891	  0.130 	  -68.82 	 
6.971999891	  0.131 	  -66.42 	 
6.988599891	  0.134 	  -63.92 	 
7.005199891	  0.135 	  -61.48 	 
7.021799890	  0.137 	  -58.96 	 
7.038399890	  0.140 	  -56.54 	 
7.054999890	  0.141 	  -54.17 	 
7.071599890	  0.144 	  -51.83 	 
7.088199889	  0.146 	  -49.63 	 
7.104799889	  0.149 	  -47.47 	 
7.121399889	  0.151 	  -45.61 	 
7.137999889	  0.153 	  -43.75 	 
7.154599888	  0.155 	  -42.27 	 
7.171199888	  0.156 	  -40.90 	 
7.187799888	  0.157 	  -39.79 	 
7.204399887	  0.159 	  -38.86 	 
7.220999887	  0.160 	  -38.26 	 
7.237599887	  0.161 	  -37.84 	 
7.254199887	  0.161 	  -37.70 	 
7.270799886	  0.161 	  -37.83 	 
7.287399886	  0.161 	  -38.19 	 
7.303999886	  0.161 	  -38.88 	 
7.320599886	  0.160 	  -39.71 	 
7.337199885	  0.160 	  -40.87 	 
7.353799885	  0.159 	  -42.19 	 
7.370399885	  0.159 	  -43.82 	 
7.386999885	  0.157 	  -45.48 	 
7.403599884	  0.156 	  -47.50 	 
7.420199884	  0.154 	  -49.51 	 
7.436799884	  0.152 	  -51.73 	 
7.453399884	  0.150 	  -54.03 	 
7.469999883	  0.149 	  -56.51 	 
7.486599883	  0.146 	  -58.91 	 
7.503199883	  0.144 	  -61.39 	 
7.519799883	  0.142 	  -63.94 	 
7.536399882	  0.140 	  -66.29 	 
7.552999882	  0.138 	  -68.76 	 
7.569599882	  0.135 	  -71.06 	 
7.586199882	  0.133 	  -73.30 	 
7.602799881	  0.131 	  -75.43 	 
7.619399881	  0.130 	  -77.36 	 
7.635999881	  0.127 	  -79.10 	 
7.652599880	  0.126 	  -80.76 	 
7.669199880	  0.124 	  -82.07 	 
7.685799880	  0.123 	  -83.30 	 
7.702399880	  0.123 	  -84.16 	 
7.718999879	  0.122 	  -84.89 	 
7.735599879	  0.122 	  -85.26 	 
7.752199879	  0.121 	  -85.44 	 
7.768799879	  0.121 	  -85.37 	 
7.785399878	  0.121 	  -85.00 	 
7.801999878	  0.121 	  -84.42 	 
7.818599878	  0.121 	  -83.59 	 
7.835199878	  0.122 	  -82.45 	 
7.851799877	  0.122 	  -81.20 	 
7.868399877	  0.123 	  -79.64 	 
7.884999877	  0.124 	  -77.88 	 
7.901599877	  0.125 	  -75.95 	 
7.918199876	  0.126 	  -73.91 	 
7.934799876	  0.128 	  -71.72 	 
7.951399876	  0.129 	  -69.36 	 
7.967999876	  0.131 	  -66.96 	 
7.984599875	  0.133 	  -64.57 	 
8.001199875	  0.134 	  -62.03 	 
8.017799875	  0.137 	  -59.57 	 
8.034399875	  0.139 	  -57.13 	 
8.050999874	  0.141 	  -54.73 	 
8.067599874	  0.143 	  -52.36 	 
8.084199874	  0.145 	  -50.16 	 
8.100799873	  0.148 	  -47.98 	 
8.117399873	  0.150 	  -46.04 	 
8.133999873	  0.152 	  -44.21 	 
8.150599873	  0.154 	  -42.62 	 
8.167199872	  0.156 	  -41.23 	 
8.183799872	  0.157 	  -40.01 	 
8.200399872	  0.158 	  -39.09 	 
8.216999872	  0.160 	  -38.36 	 
8.233599871	  0.161 	  -37.90 	 
8.250199871	  0.161 	  -37.72 	 
8.266799871	  0.161 	  -37.77 	 
8.283399871	  0.161 	  -38.10 	 
8.299999870	  0.162 	  -38.67 	 
8.316599870	  0.161 	  -39.46 	 
8.333199870	  0.161 	  -40.56 	 
8.349799870	  0.159 	  -41.84 	 
8.366399869	  0.158 	  -43.38 	 
8.382999869	  0.158 	  -45.07 	 
8.399599869	  0.155 	  -47.04 	 
8.416199869	  0.155 	  -49.03 	 
8.432799868	  0.153 	  -51.23 	 
8.449399868	  0.151 	  -53.50 	 
8.465999868	  0.149 	  -55.84 	 
8.482599868	  0.146 	  -58.33 	 
8.499199867	  0.144 	  -60.88 	 
8.515799867	  0.142 	  -63.28 	 
8.532399867	  0.140 	  -65.73 	 
8.548999866	  0.138 	  -68.24 	 
8.565599866	  0.135 	  -70.52 	 
8.582199866	  0.134 	  -72.77 	 
8.598799866	  0.131 	  -74.94 	 
8.615399865	  0.130 	  -76.94 	 
8.631999865	  0.128 	  -78.69 	 
8.648599865	  0.127 	  -80.39 	 
8.665199865	  0.125 	  -81.80 	 
8.681799864	  0.123 	  -83.00 	 
8.698399864	  0.123 	  -84.01 	 
8.714999864	  0.122 	  -84.69 	 
8.731599864	  0.121 	  -85.22 	 
8.748199863	  0.121 	  -85.44 	 
8.764799863	  0.121 	  -85.41 	 
8.781399863	  0.121 	  -85.11 	 
8.797999863	  0.121 	  -84.62 	 
8.814599862	  0.121 	  -83.82 	 
8.831199862	  0.122 	  -82.78 	 
8.847799862	  0.122 	  -81.51 	 
8.864399862	  0.123 	  -80.03 	 
8.880999861	  0.124 	  -78.33 	 
8.897599861	  0.125 	  -76.46 	 
8.914199861	  0.126 	  -74.39 	 
8.930799861	  0.127 	  -72.27 	 
8.947399860	  0.129 	  -69.90 	 
8.963999860	  0.130 	  -67.62 	 
8.980599860	  0.132 	  -65.13 	 
8.997199859	  0.134 	  -62.63 	 
9.013799859	  0.136 	  -60.17 	 
9.030399859	  0.138 	  -57.69 	 
9.046999859	  0.140 	  -55.27 	 
9.063599858	  0.143 	  -52.91 	 
9.080199858	  0.145 	  -50.62 	 
9.096799858	  0.147 	  -48.49 	 
9.113399858	  0.150 	  -46.47 	 
9.129999857	  0.152 	  -44.69 	 
9.146599857	  0.154 	  -42.95 	 
9.163199857	  0.155 	  -41.56 	 
9.179799857	  0.157 	  -40.25 	 
9.196399856	  0.158 	  -39.31 	 
9.212999856	  0.159 	  -38.47 	 
9.229599856	  0.160 	  -38.03 	 
9.246199856	  0.161 	  -37.70 	 
9.262799855	  0.161 	  -37.76 	 
9.279399855	  0.161 	  -38.01 	 
9.295999855	  0.162 	  -38.47 	 
9.312599855	  0.162 	  -39.35 	 
9.329199854	  0.160 	  -40.27 	 
9.345799854	  0.159 	  -41.55 	 
9.362399854	  0.158 	  -42.96 	 
9.378999854	  0.157 	  -44.70 	 
9.395599853	  0.157 	  -46.49 	 
9.412199853	  0.155 	  -48.57 	 
9.428799853	  0.153 	  -50.72 	 
9.445399852	  0.152 	  -52.94 	 
9.461999852	  0.149 	  -55.25 	 
9.478599852	  0.148 	  -57.80 	 
9.495199852	  0.145 	  -60.17 	 
9.511799851	  0.142 	  -62.67 	 
9.528399851	  0.139 	  -65.22 	 
9.544999851	  0.138 	  -67.57 	 
9.561599851	  0.136 	  -69.99 	 
9.578199850	  0.134 	  -72.29 	 
9.594799850	  0.132 	  -74.39 	 
9.611399850	  0.130 	  -76.45 	 
9.627999850	  0.128 	  -78.34 	 
9.644599849	  0.127 	  -80.00 	 
9.661199849	  0.125 	  -81.49 	 
9.677799849	  0.124 	  -82.72 	 
9.694399849	  0.123 	  -83.79 	 
9.710999848	  0.122 	  -84.54 	 
9.727599848	  0.122 	  -85.16 	 
9.744199848	  0.121 	  -85.39 	 
9.760799848	  0.121 	  -85.43 	 
9.777399847	  0.120 	  -85.23 	 
9.793999847	  0.121 	  -84.77 	 
9.810599847	  0.121 	  -84.03 	 
9.827199847	  0.121 	  -83.05 	 
9.843799846	  0.122 	  -81.85 	 
9.860399846	  0.123 	  -80.46 	 
9.876999846	  0.123 	  -78.71 	 
9.893599845	  0.125 	  -76.94 	 
9.910199845	  0.125 	  -74.92 	 
9.926799845	  0.127 	  -72.80 	 
9.943399845	  0.128 	  -70.47 	 
9.959999844	  0.129 	  -68.20 	 
9.976599844	  0.132 	  -65.73 	 
9.993199844	  0.134 	  -63.30 	 
10.009799844	  0.136 	  -60.72 	 
10.026399843	  0.137 	  -58.35 	 
10.042999843	  0.140 	  -55.86 	 
10.059599843	  0.142 	  -53.51 	 
10.076199843	  0.144 	  -51.18 	 
10.092799842	  0.146 	  -49.02 	 
10.109399842	  0.149 	  -46.92 	 
10.125999842	  0.151 	  -45.10 	 
10.142599842	  0.153 	  -43.35 	 
10.159199841	  0.155 	  -41.88 	 
10.175799841	  0.157 	  -40.55 	 
10.192399841	  0.157 	  -39.52 	 
10.208999841	  0.158 	  -38.67 	 
10.225599840	  0.159 	  -38.15 	 
10.242199840	  0.160 	  -37.81 	 
10.258799840	  0.161 	  -37.73 	 
10.275399840	  0.161 	  -37.91 	 
10.291999839	  0.161 	  -38.34 	 
10.308599839	  0.161 	  -39.04 	 
10.325199839	  0.159 	  -40.03 	 
10.341799838	  0.159 	  -41.21 	 
10.358399838	  0.159 	  -42.57 	 
10.374999838	  0.158 	  -44.25 	 
10.391599838	  0.156 	  -46.05 	 
10.408199837	  0.155 	  -47.98 	 
10.424799837	  0.153 	  -50.17 	 
10.441399837	  0.151 	  -52.37 	 
10.457999837	  0.149 	  -54.77 	 
10.474599836	  0.147 	  -57.14 	 
10.491199836	  0.145 	  -59.64 	 
10.507799836	  0.142 	  -62.05 	 
10.524399836	  0.141 	  -64.61 	 
10.540999835	  0.138 	  -67.00 	 
10.557599835	  0.136 	  -69.40 	 
10.574199835	  0.134 	  -71.72 	 
10.590799835	  0.132 	  -73.92 	 
10.607399834	  0.130 	  -75.99 	 
10.623999834	  0.129 	  -77.89 	 
10.640599834	  0.127 	  -79.62 	 
10.657199834	  0.125 	  -81.14 	 
10.673799833	  0.124 	  -82.48 	 
10.690399833	  0.123 	  -83.53 	 
10.706999833	  0.122 	  -84.38 	 
10.723599833	  0.122 	  -85.05 	 
10.740199832	  0.120 	  -85.35 	 
10.756799832	  0.121 	  -85.46 	 
10.773399832	  0.121 	  -85.30 	 
10.789999831	  0.121 	  -84.89 	 
10.806599831	  0.120 	  -84.25 	 
10.823199831	  0.121 	  -83.29 	 
10.839799831	  0.121 	  -82.16 	 
10.856399830	  0.121 	  -80.76 	 
10.872999830	  0.123 	  -79.19 	 
10.889599830	  0.124 	  -77.36 	 
10.906199830	  0.125 	  -75.45 	 
10.922799829	  0.127 	  -73.25 	 
10.939399829	  0.128 	  -71.10 	 
10.955999829	  0.129 	  -68.75 	 
10.972599829	  0.131 	  -66.30 	 
10.989199828	  0.132 	  -63.91 	 
11.005799828	  0.135 	  -61.38 	 
11.022399828	  0.137 	  -58.90 	 
11.038999828	  0.138 	  -56.43 	 
11.055599827	  0.140 	  -54.01 	 
11.072199827	  0.143 	  -51.69 	 
11.088799827	  0.145 	  -49.52 	 
11.105399827	  0.148 	  -47.42 	 
11.121999826	  0.150 	  -45.56 	 
11.138599826	  0.152 	  -43.76 	 
11.155199826	  0.154 	  -42.22 	 
11.171799826	  0.155 	  -40.88 	 
11.188399825	  0.158 	  -39.75 	 
11.204999825	  0.159 	  -38.84 	 
11.221599825	  0.159 	  -38.26 	 
11.238199824	  0.160 	  -37.86 	 
11.254799824	  0.161 	  -37.76 	 
11.271399824	  0.161 	  -37.84 	 
11.287999824	  0.160 	  -38.23 	 
11.304599823	  0.160 	  -38.82 	 
11.321199823	  0.160 	  -39.79 	 
11.337799823	  0.159 	  -40.88 	 
11.354399823	  0.159 	  -42.33 	 
11.370999822	  0.158 	  -43.81 	 
11.387599822	  0.156 	  -45.64 	 
11.404199822	  0.155 	  -47.53 	 
11.420799822	  0.153 	  -49.63 	 
11.437399821	  0.152 	  -51.84 	 
11.453999821	  0.150 	  -54.15 	 
11.470599821	  0.147 	  -56.53 	 
11.487199821	  0.146 	  -59.05 	 
11.503799820	  0.144 	  -61.48 	 
11.520399820	  0.141 	  -64.00 	 
11.536999820	  0.139 	  -66.41 	 
11.553599820	  0.137 	  -68.87 	 
11.570199819	  0.134 	  -71.18 	 
11.586799819	  0.132 	  -73.38 	 
11.603399819	  0.130 	  -75.49 	 
11.619999819	  0.130 	  -77.44 	 
11.636599818	  0.128 	  -79.23 	 
11.653199818	  0.125 	  -80.79 	 
11.669799818	  0.124 	  -82.15 	 
11.686399817	  0.123 	  -83.35 	 
11.702999817	  0.121 	  -84.20 	 
11.719599817	  0.122 	  -84.87 	 
11.736199817	  0.120 	  -85.33 	 
11.752799816	  0.120 	  -85.46 	 
11.769399816	  0.120 	  -85.41 	 
11.785999816	  0.120 	  -85.03 	 
11.802599816	  0.120 	  -84.37 	 
11.819199815	  0.121 	  -83.53 	 
11.835799815	  0.121 	  -82.47 	 
11.852399815	  0.122 	  -81.11 	 
11.868999815	  0.123 	  -79.59 	 
11.885599814	  0.123 	  -77.79 	 
11.902199814	  0.125 	  -75.89 	 
11.918799814	  0.126 	  -73.85 	 
11.935399814	  0.128 	  -71.63 	 
11.951999813	  0.129 	  -69.29 	 
11.968599813	  0.130 	  -66.97 	 
11.985199813	  0.132 	  -64.48 	 
12.001799813	  0.135 	  -61.88 	 
12.018399812	  0.136 	  -59.53 	 
12.034999812	  0.139 	  -57.03 	 
12.051599812	  0.141 	  -54.59 	 
12.068199812	  0.143 	  -52.29 	 
12.084799811	  0.145 	  -50.05 	 
12.101399811	  0.147 	  -47.92 	 
12.117999811	  0.149 	  -45.99 	 
12.134599810	  0.152 	  -44.17 	 
12.151199810	  0.154 	  -42.57 	 
12.167799810	  0.155 	  -41.17 	 
12.184399810	  0.157 	  -39.96 	 
12.200999809	  0.158 	  -39.04 	 
12.217599809	  0.159 	  -38.36 	 
12.234199809	  0.159 	  -37.94 	 
12.250799809	  0.160 	  -37.73 	 
12.267399808	  0.160 	  -37.79 	 
12.283999808	  0.160 	  -38.12 	 
12.300599808	  0.160 	  -38.71 	 
12.317199808	  0.160 	  -39.55 	 
12.333799807	  0.159 	  -40.58 	 
12.350399807	  0.158 	  -41.95 	 
12.366999807	  0.158 	  -43.39 	 
12.383599807	  0.157 	  -45.17 	 
12.400199806	  0.155 	  -47.06 	 
12.416799806	  0.154 	  -49.17 	 
12.433399806	  0.152 	  -51.29 	 
12.449999806	  0.150 	  -53.62 	 
12.466599805	  0.148 	  -55.97 	 
12.483199805	  0.146 	  -58.39 	 
12.499799805	  0.143 	  -60.90 	 
12.516399805	  0.141 	  -63.36 	 
12.532999804	  0.139 	  -65.81 	 
12.549599804	  0.137 	  -68.34 	 
12.566199804	  0.134 	  -70.61 	 
12.582799803	  0.132 	  -72.87 	 
12.599399803	  0.131 	  -74.92 	 
12.615999803	  0.129 	  -76.99 	 
12.632599803	  0.127 	  -78.79 	 
12.649199802	  0.125 	  -80.46 	 
12.665799802	  0.124 	  -81.84 	 
12.682399802	  0.123 	  -83.07 	 
12.698999802	  0.122 	  -84.01 	 
12.715599801	  0.121 	  -84.73 	 
12.732199801	  0.121 	  -85.17 	 
12.748799801	  0.120 	  -85.41 	 
12.765399801	  0.120 	  -85.44 	 
12.781999800	  0.121 	  -85.13 	 
12.798599800	  0.120 	  -84.52 	 
12.815199800	  0.121 	  -83.75 	 
12.831799800	  0.121 	  -82.73 	 
12.848399799	  0.122 	  -81.49 	 
12.864999799	  0.122 	  -79.91 	 
12.881599799	  0.123 	  -78.27 	 
12.898199799	  0.125 	  -76.33 	 
12.914799798	  0.126 	  -74.37 	 
12.931399798	  0.127 	  -72.13 	 
12.947999798	  0.128 	  -69.84 	 
12.964599798	  0.130 	  -67.51 	 
12.981199797	  0.131 	  -65.03 	 
12.997799797	  0.134 	  -62.53 	 
13.014399797	  0.136 	  -60.19 	 
13.030999796	  0.138 	  -57.56 	 
13.047599796	  0.139 	  -55.21 	 
13.064199796	  0.143 	  -52.85 	 
13.080799796	  0.144 	  -50.59 	 
13.097399795	  0.147 	  -48.40 	 
13.113999795	  0.149 	  -46.41 	 
13.130599795	  0.151 	  -44.59 	 
13.147199795	  0.153 	  -42.94 	 
13.163799794	  0.155 	  -41.49 	 
13.180399794	  0.156 	  -40.27 	 
13.196999794	  0.158 	  -39.22 	 
13.213599794	  0.159 	  -38.51 	 
13.230199793	  0.160 	  -37.97 	 
13.246799793	  0.160 	  -37.78 	 
13.263399793	  0.161 	  -37.75 	 
13.279999793	  0.160 	  -37.99 	 
13.296599792	  0.160 	  -38.50 	 
13.313199792	  0.160 	  -39.35 	 
13.329799792	  0.160 	  -40.28 	 
13.346399792	  0.159 	  -41.61 	 
13.362999791	  0.158 	  -43.07 	 
13.379599791	  0.157 	  -44.76 	 
13.396199791	  0.156 	  -46.57 	 
13.412799791	  0.154 	  -48.60 	 
13.429399790	  0.152 	  -50.73 	 
13.445999790	  0.150 	  -53.00 	 
13.462599790	  0.148 	  -55.43 	 
13.479199789	  0.146 	  -57.85 	 
13.495799789	  0.144 	  -60.35 	 
13.512399789	  0.142 	  -62.73 	 
13.528999789	  0.140 	  -65.25 	 
13.545599788	  0.137 	  -67.67 	 
13.562199788	  0.135 	  -70.11 	 
13.578799788	  0.133 	  -72.35 	 
13.595399788	  0.130 	  -74.47 	 
13.611999787	  0.129 	  -76.54 	 
13.628599787	  0.128 	  -78.36 	 
13.645199787	  0.125 	  -80.11 	 
13.661799787	  0.124 	  -81.48 	 
13.678399786	  0.123 	  -82.78 	 
13.694999786	  0.122 	  -83.80 	 
13.711599786	  0.121 	  -84.56 	 
13.728199786	  0.121 	  -85.08 	 
13.744799785	  0.120 	  -85.44 	 
13.761399785	  0.120 	  -85.40 	 
13.777999785	  0.120 	  -85.19 	 
13.794599785	  0.120 	  -84.72 	 
13.811199784	  0.120 	  -83.95 	 
13.827799784	  0.121 	  -82.99 	 
13.844399784	  0.122 	  -81.82 	 
13.860999784	  0.121 	  -80.33 	 
13.877599783	  0.122 	  -78.61 	 
13.894199783	  0.123 	  -76.89 	 
13.910799783	  0.124 	  -74.82 	 
13.927399782	  0.126 	  -72.67 	 
13.943999782	  0.128 	  -70.49 	 
13.960599782	  0.130 	  -68.05 	 
13.977199782	  0.131 	  -65.65 	 
13.993799781	  0.132 	  -63.10 	 
14.010399781	  0.135 	  -60.74 	 
14.026999781	  0.137 	  -58.19 	 
14.043599781	  0.139 	  -55.82 	 
14.060199780	  0.141 	  -53.35 	 
14.076799780	  0.144 	  -51.09 	 
14.093399780	  0.146 	  -48.94 	 
14.109999780	  0.148 	  -46.85 	 
14.126599779	  0.150 	  -45.05 	 
14.143199779	  0.152 	  -43.33 	 
14.159799779	  0.154 	  -41.80 	 
14.176399779	  0.156 	  -40.51 	 
14.192999778	  0.157 	  -39.49 	 
14.209599778	  0.158 	  -38.67 	 
14.226199778	  0.160 	  -38.13 	 
14.242799778	  0.160 	  -37.78 	 
14.259399777	  0.160 	  -37.75 	 
14.275999777	  0.160 	  -37.92 	 
14.292599777	  0.160 	  -38.41 	 
14.309199777	  0.160 	  -39.06 	 
14.325799776	  0.159 	  -40.09 	 
14.342399776	  0.159 	  -41.25 	 
14.358999776	  0.158 	  -42.70 	 
14.375599775	  0.157 	  -44.29 	 
14.392199775	  0.156 	  -46.18 	 
14.408799775	  0.154 	  -48.06 	 
14.425399775	  0.153 	  -50.28 	 
14.441999774	  0.151 	  -52.47 	 
14.458599774	  0.149 	  -54.82 	 
14.475199774	  0.146 	  -57.22 	 
14.491799774	  0.144 	  -59.78 	 
14.508399773	  0.143 	  -62.21 	 
14.524999773	  0.140 	  -64.66 	 
14.541599773	  0.137 	  -67.10 	 
14.558199773	  0.135 	  -69.51 	 
14.574799772	  0.133 	  -71.76 	 
14.591399772	  0.132 	  -74.03 	 
14.607999772	  0.129 	  -76.02 	 
14.624599772	  0.128 	  -77.94 	 
14.641199771	  0.127 	  -79.65 	 
14.657799771	  0.125 	  -81.21 	 
14.674399771	  0.123 	  -82.45 	 
14.690999771	  0.123 	  -83.62 	 
14.707599770	  0.121 	  -84.40 	 
14.724199770	  0.121 	  -85.01 	 
14.740799770	  0.120 	  -85.36 	 
14.757399769	  0.120 	  -85.46 	 
14.773999769	  0.119 	  -85.24 	 
14.790599769	  0.120 	  -84.89 	 
14.807199769	  0.119 	  -84.24 	 
14.823799768	  0.121 	  -83.31 	 
14.840399768	  0.121 	  -82.13 	 
14.856999768	  0.121 	  -80.63 	 
14.873599768	  0.122 	  -79.08 	 
14.890199767	  0.124 	  -77.31 	 
14.906799767	  0.124 	  -75.29 	 
14.923399767	  0.125 	  -73.25 	 
14.939999767	  0.127 	  -71.04 	 
14.956599766	  0.128 	  -68.65 	 
14.973199766	  0.130 	  -66.17 	 
14.989799766	  0.132 	  -63.84 	 
15.006399766	  0.134 	  -61.33 	 
15.022999765	  0.136 	  -58.84 	 
15.039599765	  0.138 	  -56.40 	 
15.056199765	  0.140 	  -53.99 	 
15.072799765	  0.143 	  -51.64 	 
15.089399764	  0.145 	  -49.50 	 
15.105999764	  0.148 	  -47.35 	 
15.122599764	  0.149 	  -45.47 	 
15.139199764	  0.151 	  -43.70 	 
15.155799763	  0.153 	  -42.19 	 
15.172399763	  0.155 	  -40.80 	 
15.188999763	  0.157 	  -39.72 	 
15.205599762	  0.157 	  -38.86 	 
15.222199762	  0.159 	  -38.23 	 
15.238799762	  0.159 	  -37.88 	 
15.255399762	  0.160 	  -37.73 	 
15.271999761	  0.160 	  -37.79 	 
15.288599761	  0.160 	  -38.31 	 
15.305199761	  0.160 	  -38.88 	 
15.321799761	  0.159 	  -39.83 	 
15.338399760	  0.158 	  -40.97 	 
15.354999760	  0.158 	  -42.33 	 
15.371599760	  0.157 	  -43.86 	 
15.388199760	  0.156 	  -45.74 	 
15.404799759	  0.154 	  -47.59 	 
15.421399759	  0.153 	  -49.70 	 
15.437999759	  0.150 	  -51.95 	 
15.454599759	  0.149 	  -54.27 	 
15.471199758	  0.147 	  -56.62 	 
15.487799758	  0.145 	  -59.16 	 
15.504399758	  0.143 	  -61.56 	 
15.520999758	  0.140 	  -64.12 	 
15.537599757	  0.138 	  -66.48 	 
15.554199757	  0.136 	  -68.96 	 
15.570799757	  0.134 	  -71.26 	 
15.587399757	  0.132 	  -73.48 	 
15.603999756	  0.130 	  -75.53 	 
15.620599756	  0.128 	  -77.50 	 
15.637199756	  0.126 	  -79.24 	 
15.653799755	  0.124 	  -80.86 	 
15.670399755	  0.124 	  -82.15 	 
15.686999755	  0.122 	  -83.37 	 
15.703599755	  0.121 	  -84.24 	 
15.720199754	  0.121 	  -84.89 	 
15.736799754	  0.120 	  -85.27 	 
15.753399754	  0.120 	  -85.46 	 
15.769999754	  0.120 	  -85.33 	 
15.786599753	  0.120 	  -85.03 	 
15.803199753	  0.120 	  -84.35 	 
15.819799753	  0.120 	  -83.52 	 
15.836399753	  0.121 	  -82.35 	 
15.852999752	  0.121 	  -81.11 	 
15.869599752	  0.122 	  -79.50 	 
15.886199752	  0.123 	  -77.73 	 
15.902799752	  0.124 	  -75.87 	 
15.919399751	  0.125 	  -73.77 	 
15.935999751	  0.126 	  -71.52 	 
15.952599751	  0.128 	  -69.25 	 
15.969199751	  0.130 	  -66.81 	 
15.985799750	  0.131 	  -64.40 	 
16.002399750	  0.134 	  -61.85 	 
16.018999750	  0.135 	  -59.42 	 
16.035599750	  0.138 	  -56.99 	 
16.052199749	  0.140 	  -54.56 	 
16.068799749	  0.142 	  -52.19 	 
16.085399749	  0.145 	  -49.98 	 
16.101999748	  0.146 	  -47.83 	 
16.118599748	  0.148 	  -45.94 	 
16.135199748	  0.150 	  -44.11 	 
16.151799748	  0.152 	  -42.54 	 
16.168399747	  0.154 	  -41.13 	 
16.184999747	  0.155 	  -39.96 	 
16.201599747	  0.157 	  -39.04 	 
16.218199747	  0.158 	  -38.36 	 
16.234799746	  0.159 	  -37.89 	 
16.251399746	  0.160 	  -37.76 	 
16.267999746	  0.160 	  -37.81 	 
16.284599746	  0.159 	  -38.12 	 
16.301199745	  0.159 	  -38.77 	 
16.317799745	  0.159 	  -39.55 	 
16.334399745	  0.158 	  -40.70 	 
16.350999745	  0.158 	  -41.93 	 
16.367599744	  0.157 	  -43.53 	 
16.384199744	  0.156 	  -45.20 	 
16.400799744	  0.154 	  -47.17 	 
16.417399744	  0.152 	  -49.18 	 
16.433999743	  0.152 	  -51.39 	 
16.450599743	  0.150 	  -53.70 	 
16.467199743	  0.148 	  -56.05 	 
16.483799743	  0.145 	  -58.46 	 
16.500399742	  0.143 	  -61.02 	 
16.516999742	  0.140 	  -63.50 	 
16.533599742	  0.138 	  -65.93 	 
16.550199741	  0.136 	  -68.33 	 
16.566799741	  0.134 	  -70.74 	 
16.583399741	  0.132 	  -72.94 	 
16.599999741	  0.130 	  -75.04 	 
16.616599740	  0.128 	  -77.09 	 
16.633199740	  0.127 	  -78.84 	 
16.649799740	  0.125 	  -80.48 	 
16.666399740	  0.123 	  -81.85 	 
16.682999739	  0.123 	  -83.07 	 
16.699599739	  0.121 	  -84.06 	 
16.716199739	  0.121 	  -84.74 	 
16.732799739	  0.120 	  -85.20 	 
16.749399738	  0.119 	  -85.44 	 
16.765999738	  0.119 	  -85.37 	 
16.782599738	  0.119 	  -85.12 	 
16.799199738	  0.120 	  -84.58 	 
16.815799737	  0.119 	  -83.70 	 
16.832399737	  0.121 	  -82.67 	 
16.848999737	  0.121 	  -81.45 	 
16.865599737	  0.122 	  -79.86 	 
16.882199736	  0.122 	  -78.21 	 
16.898799736	  0.123 	  -76.27 	 
16.915399736	  0.124 	  -74.30 	 
16.931999736	  0.125 	  -72.07 	 
16.948599735	  0.128 	  -69.79 	 
16.965199735	  0.129 	  -67.42 	 
16.981799735	  0.131 	  -64.99 	 
