0.000000000	  0.132 	  -62.21 	 
0.016600000	  0.135 	  -59.84 	 
0.033199999	  0.137 	  -57.25 	 
0.049799999	  0.141 	  -54.91 	 
0.066399999	  0.144 	  -52.50 	 
0.082999999	  0.147 	  -50.21 	 
0.099599998	  0.150 	  -48.12 	 
0.116199998	  0.153 	  -46.15 	 
0.132799998	  0.155 	  -44.29 	 
0.149399998	  0.157 	  -42.69 	 
0.165999997	  0.160 	  -41.23 	 
0.182599997	  0.162 	  -40.08 	 
0.199199997	  0.164 	  -39.09 	 
0.215799997	  0.165 	  -38.40 	 
0.232399996	  0.167 	  -37.85 	 
0.248999996	  0.167 	  -37.68 	 
0.265599996	  0.167 	  -37.71 	 
0.282199996	  0.168 	  -38.03 	 
0.298799995	  0.168 	  -38.56 	 
0.315399995	  0.167 	  -39.40 	 
0.331999995	  0.166 	  -40.41 	 
0.348599995	  0.165 	  -41.70 	 
0.365199994	  0.164 	  -43.20 	 
0.381799994	  0.163 	  -44.89 	 
0.398399994	  0.161 	  -46.81 	 
0.414999994	  0.160 	  -48.79 	 
0.431599993	  0.157 	  -50.92 	 
0.448199993	  0.155 	  -53.28 	 
0.464799993	  0.153 	  -55.59 	 
0.481399992	  0.150 	  -58.26 	 
0.497999992	  0.147 	  -60.57 	 
0.514599992	  0.144 	  -63.11 	 
0.531199992	  0.141 	  -65.66 	 
0.547799991	  0.139 	  -67.96 	 
0.564399991	  0.135 	  -70.37 	 
0.580999991	  0.132 	  -72.68 	 
0.597599991	  0.130 	  -74.82 	 
0.614199990	  0.127 	  -76.80 	 
0.630799990	  0.125 	  -78.64 	 
0.647399990	  0.123 	  -80.31 	 
0.663999990	  0.121 	  -81.78 	 
0.680599989	  0.120 	  -82.95 	 
0.697199989	  0.117 	  -84.01 	 
0.713799989	  0.117 	  -84.75 	 
0.730399989	  0.115 	  -85.28 	 
0.746999988	  0.115 	  -85.49 	 
0.763599988	  0.115 	  -85.50 	 
0.780199988	  0.114 	  -85.22 	 
0.796799988	  0.115 	  -84.70 	 
0.813399987	  0.115 	  -83.91 	 
0.829999987	  0.116 	  -82.93 	 
0.846599987	  0.116 	  -81.62 	 
0.863199987	  0.118 	  -80.20 	 
0.879799986	  0.119 	  -78.46 	 
0.896399986	  0.120 	  -76.60 	 
0.912999986	  0.121 	  -74.57 	 
0.929599985	  0.123 	  -72.44 	 
0.946199985	  0.125 	  -70.19 	 
0.962799985	  0.127 	  -67.84 	 
0.979399985	  0.129 	  -65.34 	 
0.995999984	  0.132 	  -62.82 	 
1.012599984	  0.134 	  -60.29 	 
1.029199984	  0.137 	  -57.89 	 
1.045799984	  0.140 	  -55.39 	 
1.062399983	  0.143 	  -53.06 	 
1.078999983	  0.146 	  -50.77 	 
1.095599983	  0.149 	  -48.66 	 
1.112199983	  0.151 	  -46.61 	 
1.128799982	  0.154 	  -44.74 	 
1.145399982	  0.157 	  -43.06 	 
1.161999982	  0.159 	  -41.61 	 
1.178599982	  0.161 	  -40.33 	 
1.195199981	  0.163 	  -39.36 	 
1.211799981	  0.165 	  -38.54 	 
1.228399981	  0.165 	  -38.00 	 
1.244999981	  0.167 	  -37.71 	 
1.261599980	  0.167 	  -37.68 	 
1.278199980	  0.167 	  -37.96 	 
1.294799980	  0.168 	  -38.41 	 
1.311399980	  0.167 	  -39.17 	 
1.327999979	  0.167 	  -40.13 	 
1.344599979	  0.166 	  -41.45 	 
1.361199979	  0.164 	  -42.85 	 
1.377799978	  0.163 	  -44.50 	 
1.394399978	  0.161 	  -46.32 	 
1.410999978	  0.159 	  -48.29 	 
1.427599978	  0.158 	  -50.44 	 
1.444199977	  0.155 	  -52.83 	 
1.460799977	  0.153 	  -55.15 	 
1.477399977	  0.151 	  -57.52 	 
1.493999977	  0.147 	  -60.04 	 
1.510599976	  0.144 	  -62.56 	 
1.527199976	  0.141 	  -64.94 	 
1.543799976	  0.138 	  -67.40 	 
1.560399976	  0.135 	  -69.90 	 
1.576999975	  0.134 	  -72.10 	 
1.593599975	  0.130 	  -74.35 	 
1.610199975	  0.127 	  -76.27 	 
1.626799975	  0.125 	  -78.28 	 
1.643399974	  0.123 	  -79.85 	 
1.659999974	  0.121 	  -81.39 	 
1.676599974	  0.120 	  -82.65 	 
1.693199974	  0.118 	  -83.77 	 
1.709799973	  0.117 	  -84.49 	 
1.726399973	  0.116 	  -85.06 	 
1.742999973	  0.115 	  -85.37 	 
1.759599973	  0.115 	  -85.46 	 
1.776199972	  0.114 	  -85.25 	 
1.792799972	  0.114 	  -84.81 	 
1.809399972	  0.115 	  -84.12 	 
1.825999971	  0.116 	  -83.08 	 
1.842599971	  0.116 	  -81.91 	 
1.859199971	  0.117 	  -80.53 	 
1.875799971	  0.118 	  -78.86 	 
1.892399970	  0.119 	  -77.11 	 
1.908999970	  0.121 	  -75.07 	 
1.925599970	  0.122 	  -72.97 	 
1.942199970	  0.125 	  -70.64 	 
1.958799969	  0.126 	  -68.34 	 
1.975399969	  0.128 	  -65.80 	 
1.991999969	  0.131 	  -63.50 	 
2.008599969	  0.134 	  -61.00 	 
2.025199968	  0.136 	  -58.39 	 
2.041799968	  0.139 	  -56.04 	 
2.058399968	  0.141 	  -53.59 	 
2.074999968	  0.145 	  -51.27 	 
2.091599967	  0.148 	  -49.13 	 
2.108199967	  0.150 	  -47.14 	 
2.124799967	  0.153 	  -45.18 	 
2.141399967	  0.156 	  -43.53 	 
2.157999966	  0.158 	  -41.96 	 
2.174599966	  0.161 	  -40.63 	 
2.191199966	  0.162 	  -39.56 	 
2.207799966	  0.164 	  -38.73 	 
2.224399965	  0.165 	  -38.16 	 
2.240999965	  0.166 	  -37.83 	 
2.257599965	  0.167 	  -37.70 	 
2.274199964	  0.167 	  -37.90 	 
2.290799964	  0.167 	  -38.28 	 
2.307399964	  0.167 	  -39.04 	 
2.323999964	  0.166 	  -39.92 	 
2.340599963	  0.166 	  -41.16 	 
2.357199963	  0.165 	  -42.49 	 
2.373799963	  0.163 	  -44.07 	 
2.390399963	  0.162 	  -45.85 	 
2.406999962	  0.160 	  -47.89 	 
2.423599962	  0.158 	  -49.96 	 
2.440199962	  0.155 	  -52.29 	 
2.456799962	  0.153 	  -54.49 	 
2.473399961	  0.150 	  -56.95 	 
2.489999961	  0.148 	  -59.47 	 
2.506599961	  0.145 	  -61.95 	 
2.523199961	  0.142 	  -64.31 	 
2.539799960	  0.139 	  -66.83 	 
2.556399960	  0.137 	  -69.28 	 
2.572999960	  0.133 	  -71.51 	 
2.589599960	  0.131 	  -73.67 	 
2.606199959	  0.128 	  -75.76 	 
2.622799959	  0.126 	  -77.70 	 
2.639399959	  0.123 	  -79.47 	 
2.655999959	  0.122 	  -81.01 	 
2.672599958	  0.120 	  -82.32 	 
2.689199958	  0.118 	  -83.40 	 
2.705799958	  0.116 	  -84.32 	 
2.722399957	  0.116 	  -84.94 	 
2.738999957	  0.115 	  -85.30 	 
2.755599957	  0.115 	  -85.48 	 
2.772199957	  0.114 	  -85.27 	 
2.788799956	  0.115 	  -84.86 	 
2.805399956	  0.114 	  -84.22 	 
2.821999956	  0.115 	  -83.33 	 
2.838599956	  0.116 	  -82.24 	 
2.855199955	  0.116 	  -80.86 	 
2.871799955	  0.118 	  -79.35 	 
2.888399955	  0.119 	  -77.41 	 
2.904999955	  0.120 	  -75.57 	 
2.921599954	  0.122 	  -73.42 	 
2.938199954	  0.123 	  -71.19 	 
2.954799954	  0.125 	  -68.94 	 
2.971399954	  0.128 	  -66.51 	 
2.987999953	  0.130 	  -63.96 	 
3.004599953	  0.132 	  -61.63 	 
3.021199953	  0.135 	  -59.03 	 
3.037799953	  0.138 	  -56.57 	 
3.054399952	  0.141 	  -54.21 	 
3.070999952	  0.144 	  -51.91 	 
3.087599952	  0.147 	  -49.60 	 
3.104199952	  0.150 	  -47.57 	 
3.120799951	  0.153 	  -45.70 	 
3.137399951	  0.155 	  -43.86 	 
3.153999951	  0.158 	  -42.32 	 
3.170599950	  0.160 	  -40.92 	 
3.187199950	  0.162 	  -39.86 	 
3.203799950	  0.163 	  -38.90 	 
3.220399950	  0.165 	  -38.28 	 
3.236999949	  0.166 	  -37.81 	 
3.253599949	  0.166 	  -37.69 	 
3.270199949	  0.167 	  -37.81 	 
3.286799949	  0.167 	  -38.19 	 
3.303399948	  0.167 	  -38.82 	 
3.319999948	  0.166 	  -39.71 	 
3.336599948	  0.166 	  -40.75 	 
3.353199948	  0.165 	  -42.13 	 
3.369799947	  0.163 	  -43.64 	 
3.386399947	  0.161 	  -45.46 	 
3.402999947	  0.160 	  -47.42 	 
3.419599947	  0.158 	  -49.43 	 
3.436199946	  0.156 	  -51.60 	 
3.452799946	  0.154 	  -53.91 	 
3.469399946	  0.152 	  -56.38 	 
3.485999946	  0.149 	  -58.79 	 
3.502599945	  0.145 	  -61.27 	 
3.519199945	  0.142 	  -63.81 	 
3.535799945	  0.139 	  -66.29 	 
3.552399945	  0.137 	  -68.63 	 
3.568999944	  0.134 	  -70.94 	 
3.585599944	  0.131 	  -73.19 	 
3.602199944	  0.128 	  -75.27 	 
3.618799943	  0.126 	  -77.29 	 
3.635399943	  0.124 	  -79.07 	 
3.651999943	  0.122 	  -80.66 	 
3.668599943	  0.120 	  -82.04 	 
3.685199942	  0.118 	  -83.18 	 
3.701799942	  0.117 	  -84.14 	 
3.718399942	  0.116 	  -84.78 	 
3.734999942	  0.115 	  -85.22 	 
3.751599941	  0.115 	  -85.37 	 
3.768199941	  0.115 	  -85.38 	 
3.784799941	  0.114 	  -85.00 	 
3.801399941	  0.114 	  -84.44 	 
3.817999940	  0.115 	  -83.59 	 
3.834599940	  0.116 	  -82.53 	 
3.851199940	  0.116 	  -81.16 	 
3.867799940	  0.117 	  -79.63 	 
3.884399939	  0.118 	  -77.90 	 
3.900999939	  0.120 	  -76.03 	 
3.917599939	  0.121 	  -73.99 	 
3.934199939	  0.123 	  -71.87 	 
3.950799938	  0.125 	  -69.44 	 
3.967399938	  0.127 	  -67.05 	 
3.983999938	  0.130 	  -64.62 	 
4.000599938	  0.131 	  -62.16 	 
4.017199937	  0.134 	  -59.72 	 
4.033799937	  0.137 	  -57.19 	 
4.050399937	  0.140 	  -54.79 	 
4.066999936	  0.143 	  -52.42 	 
4.083599936	  0.145 	  -50.17 	 
4.100199936	  0.149 	  -48.00 	 
4.116799936	  0.151 	  -46.14 	 
4.133399935	  0.154 	  -44.25 	 
4.149999935	  0.157 	  -42.70 	 
4.166599935	  0.159 	  -41.22 	 
4.183199935	  0.161 	  -40.11 	 
4.199799934	  0.163 	  -39.13 	 
4.216399934	  0.165 	  -38.38 	 
4.232999934	  0.166 	  -37.98 	 
4.249599934	  0.166 	  -37.74 	 
4.266199933	  0.166 	  -37.79 	 
4.282799933	  0.168 	  -38.08 	 
4.299399933	  0.167 	  -38.66 	 
4.315999933	  0.166 	  -39.47 	 
4.332599932	  0.165 	  -40.55 	 
4.349199932	  0.164 	  -41.81 	 
4.365799932	  0.163 	  -43.37 	 
4.382399932	  0.162 	  -45.01 	 
4.398999931	  0.161 	  -46.94 	 
4.415599931	  0.159 	  -48.94 	 
4.432199931	  0.156 	  -51.12 	 
4.448799931	  0.154 	  -53.36 	 
4.465399930	  0.152 	  -55.81 	 
4.481999930	  0.149 	  -58.19 	 
4.498599930	  0.146 	  -60.74 	 
4.515199929	  0.143 	  -63.17 	 
4.531799929	  0.140 	  -65.75 	 
4.548399929	  0.137 	  -68.05 	 
4.564999929	  0.134 	  -70.53 	 
4.581599928	  0.131 	  -72.66 	 
4.598199928	  0.129 	  -74.90 	 
4.614799928	  0.127 	  -76.78 	 
4.631399928	  0.124 	  -78.64 	 
4.647999927	  0.122 	  -80.24 	 
4.664599927	  0.120 	  -81.67 	 
4.681199927	  0.119 	  -82.91 	 
4.697799927	  0.117 	  -83.95 	 
4.714399926	  0.116 	  -84.67 	 
4.730999926	  0.115 	  -85.13 	 
4.747599926	  0.115 	  -85.41 	 
4.764199926	  0.114 	  -85.34 	 
4.780799925	  0.114 	  -85.15 	 
4.797399925	  0.114 	  -84.64 	 
4.813999925	  0.115 	  -83.78 	 
4.830599925	  0.115 	  -82.78 	 
4.847199924	  0.116 	  -81.53 	 
4.863799924	  0.116 	  -80.02 	 
4.880399924	  0.117 	  -78.38 	 
4.896999924	  0.119 	  -76.50 	 
4.913599923	  0.120 	  -74.48 	 
4.930199923	  0.122 	  -72.37 	 
4.946799923	  0.124 	  -69.97 	 
4.963399922	  0.126 	  -67.68 	 
4.979999922	  0.129 	  -65.20 	 
4.996599922	  0.131 	  -62.80 	 
5.013199922	  0.134 	  -60.31 	 
5.029799921	  0.136 	  -57.80 	 
5.046399921	  0.139 	  -55.29 	 
5.062999921	  0.142 	  -53.04 	 
5.079599921	  0.145 	  -50.70 	 
5.096199920	  0.148 	  -48.54 	 
5.112799920	  0.151 	  -46.56 	 
5.129399920	  0.153 	  -44.69 	 
5.145999920	  0.156 	  -43.03 	 
5.162599919	  0.158 	  -41.59 	 
5.179199919	  0.161 	  -40.32 	 
5.195799919	  0.162 	  -39.35 	 
5.212399919	  0.164 	  -38.56 	 
5.228999918	  0.165 	  -38.06 	 
5.245599918	  0.166 	  -37.75 	 
5.262199918	  0.167 	  -37.79 	 
5.278799918	  0.167 	  -37.97 	 
5.295399917	  0.167 	  -38.52 	 
5.311999917	  0.166 	  -39.24 	 
5.328599917	  0.166 	  -40.25 	 
5.345199917	  0.165 	  -41.48 	 
5.361799916	  0.164 	  -42.91 	 
5.378399916	  0.161 	  -44.56 	 
5.394999916	  0.160 	  -46.43 	 
5.411599915	  0.158 	  -48.44 	 
5.428199915	  0.157 	  -50.70 	 
5.444799915	  0.155 	  -52.85 	 
5.461399915	  0.152 	  -55.26 	 
5.477999914	  0.149 	  -57.65 	 
5.494599914	  0.147 	  -60.16 	 
5.511199914	  0.143 	  -62.58 	 
5.527799914	  0.141 	  -65.16 	 
5.544399913	  0.137 	  -67.49 	 
5.560999913	  0.135 	  -69.83 	 
5.577599913	  0.133 	  -72.14 	 
5.594199913	  0.130 	  -74.34 	 
5.610799912	  0.127 	  -76.35 	 
5.627399912	  0.124 	  -78.17 	 
5.643999912	  0.122 	  -79.89 	 
5.660599912	  0.120 	  -81.38 	 
5.677199911	  0.119 	  -82.70 	 
5.693799911	  0.117 	  -83.73 	 
5.710399911	  0.116 	  -84.54 	 
5.726999911	  0.115 	  -85.05 	 
5.743599910	  0.114 	  -85.42 	 
5.760199910	  0.114 	  -85.41 	 
5.776799910	  0.113 	  -85.20 	 
5.793399910	  0.114 	  -84.73 	 
5.809999909	  0.113 	  -84.08 	 
5.826599909	  0.115 	  -83.02 	 
5.843199909	  0.115 	  -81.86 	 
5.859799908	  0.116 	  -80.42 	 
5.876399908	  0.117 	  -78.80 	 
5.892999908	  0.118 	  -76.98 	 
5.909599908	  0.119 	  -74.96 	 
5.926199907	  0.122 	  -72.81 	 
5.942799907	  0.123 	  -70.62 	 
5.959399907	  0.125 	  -68.25 	 
5.975999907	  0.128 	  -65.87 	 
5.992599906	  0.130 	  -63.41 	 
6.009199906	  0.133 	  -60.83 	 
6.025799906	  0.135 	  -58.38 	 
6.042399906	  0.138 	  -55.89 	 
6.058999905	  0.141 	  -53.60 	 
6.075599905	  0.144 	  -51.27 	 
6.092199905	  0.146 	  -49.11 	 
6.108799905	  0.150 	  -47.04 	 
6.125399904	  0.152 	  -45.14 	 
6.141999904	  0.155 	  -43.40 	 
6.158599904	  0.158 	  -41.94 	 
6.175199904	  0.160 	  -40.62 	 
6.191799903	  0.162 	  -39.59 	 
6.208399903	  0.163 	  -38.67 	 
6.224999903	  0.165 	  -38.14 	 
6.241599903	  0.165 	  -37.79 	 
6.258199902	  0.166 	  -37.77 	 
6.274799902	  0.167 	  -37.88 	 
6.291399902	  0.166 	  -38.34 	 
6.307999901	  0.166 	  -39.04 	 
6.324599901	  0.166 	  -39.97 	 
6.341199901	  0.165 	  -41.17 	 
6.357799901	  0.164 	  -42.55 	 
6.374399900	  0.162 	  -44.21 	 
6.390999900	  0.161 	  -45.94 	 
6.407599900	  0.159 	  -48.03 	 
6.424199900	  0.157 	  -50.01 	 
6.440799899	  0.155 	  -52.34 	 
6.457399899	  0.153 	  -54.60 	 
6.473999899	  0.150 	  -57.08 	 
6.490599899	  0.146 	  -59.49 	 
6.507199898	  0.144 	  -61.99 	 
6.523799898	  0.141 	  -64.43 	 
6.540399898	  0.138 	  -66.89 	 
6.556999898	  0.135 	  -69.31 	 
6.573599897	  0.132 	  -71.63 	 
6.590199897	  0.130 	  -73.81 	 
6.606799897	  0.127 	  -75.89 	 
6.623399897	  0.125 	  -77.78 	 
6.639999896	  0.123 	  -79.49 	 
6.656599896	  0.120 	  -81.02 	 
6.673199896	  0.118 	  -82.34 	 
6.689799896	  0.117 	  -83.55 	 
6.706399895	  0.116 	  -84.36 	 
6.722999895	  0.115 	  -84.95 	 
6.739599895	  0.114 	  -85.28 	 
6.756199894	  0.114 	  -85.46 	 
6.772799894	  0.114 	  -85.28 	 
6.789399894	  0.113 	  -84.89 	 
6.805999894	  0.114 	  -84.24 	 
6.822599893	  0.114 	  -83.31 	 
6.839199893	  0.115 	  -82.17 	 
6.855799893	  0.116 	  -80.78 	 
6.872399893	  0.117 	  -79.19 	 
6.888999892	  0.118 	  -77.41 	 
6.905599892	  0.119 	  -75.46 	 
6.922199892	  0.121 	  -73.39 	 
6.938799892	  0.123 	  -71.10 	 
6.955399891	  0.125 	  -68.83 	 
6.971999891	  0.127 	  -66.39 	 
6.988599891	  0.130 	  -63.93 	 
7.005199891	  0.131 	  -61.41 	 
7.021799890	  0.134 	  -58.96 	 
7.038399890	  0.137 	  -56.47 	 
7.054999890	  0.140 	  -54.14 	 
7.071599890	  0.143 	  -51.82 	 
7.088199889	  0.145 	  -49.65 	 
7.104799889	  0.149 	  -47.46 	 
7.121399889	  0.151 	  -45.59 	 
7.137999889	  0.155 	  -43.80 	 
7.154599888	  0.157 	  -42.29 	 
7.171199888	  0.160 	  -40.86 	 
7.187799888	  0.161 	  -39.81 	 
7.204399887	  0.162 	  -38.84 	 
7.220999887	  0.164 	  -38.27 	 
7.237599887	  0.166 	  -37.85 	 
7.254199887	  0.166 	  -37.77 	 
7.270799886	  0.166 	  -37.81 	 
7.287399886	  0.166 	  -38.25 	 
7.303999886	  0.166 	  -38.83 	 
7.320599886	  0.165 	  -39.76 	 
7.337199885	  0.165 	  -40.84 	 
7.353799885	  0.163 	  -42.23 	 
7.370399885	  0.162 	  -43.77 	 
7.386999885	  0.161 	  -45.48 	 
7.403599884	  0.159 	  -47.56 	 
7.420199884	  0.158 	  -49.58 	 
7.436799884	  0.155 	  -51.69 	 
7.453399884	  0.153 	  -54.01 	 
7.469999883	  0.150 	  -56.54 	 
7.486599883	  0.147 	  -58.83 	 
7.503199883	  0.145 	  -61.39 	 
7.519799883	  0.142 	  -63.90 	 
7.536399882	  0.139 	  -66.32 	 
7.552999882	  0.135 	  -68.76 	 
7.569599882	  0.133 	  -71.08 	 
7.586199882	  0.130 	  -73.29 	 
7.602799881	  0.128 	  -75.37 	 
7.619399881	  0.126 	  -77.34 	 
7.635999881	  0.123 	  -79.08 	 
7.652599880	  0.120 	  -80.74 	 
7.669199880	  0.118 	  -82.06 	 
7.685799880	  0.117 	  -83.24 	 
7.702399880	  0.115 	  -84.12 	 
7.718999879	  0.114 	  -84.82 	 
7.735599879	  0.114 	  -85.23 	 
7.752199879	  0.114 	  -85.42 	 
7.768799879	  0.113 	  -85.35 	 
7.785399878	  0.113 	  -85.03 	 
7.801999878	  0.114 	  -84.36 	 
7.818599878	  0.114 	  -83.54 	 
7.835199878	  0.114 	  -82.45 	 
7.851799877	  0.115 	  -81.18 	 
7.868399877	  0.115 	  -79.59 	 
7.884999877	  0.117 	  -77.82 	 
7.901599877	  0.119 	  -75.92 	 
7.918199876	  0.120 	  -73.89 	 
7.934799876	  0.122 	  -71.71 	 
7.951399876	  0.124 	  -69.37 	 
7.967999876	  0.126 	  -67.01 	 
7.984599875	  0.128 	  -64.59 	 
8.001199875	  0.131 	  -62.04 	 
8.017799875	  0.134 	  -59.51 	 
8.034399875	  0.136 	  -57.19 	 
8.050999874	  0.139 	  -54.74 	 
8.067599874	  0.142 	  -52.37 	 
8.084199874	  0.144 	  -50.15 	 
8.100799873	  0.148 	  -48.01 	 
8.117399873	  0.151 	  -46.05 	 
8.133999873	  0.153 	  -44.22 	 
8.150599873	  0.156 	  -42.61 	 
8.167199872	  0.158 	  -41.20 	 
8.183799872	  0.160 	  -40.03 	 
8.200399872	  0.162 	  -39.11 	 
8.216999872	  0.164 	  -38.34 	 
8.233599871	  0.165 	  -37.91 	 
8.250199871	  0.166 	  -37.68 	 
8.266799871	  0.166 	  -37.77 	 
8.283399871	  0.166 	  -38.08 	 
8.299999870	  0.166 	  -38.69 	 
8.316599870	  0.165 	  -39.48 	 
8.333199870	  0.164 	  -40.58 	 
8.349799870	  0.163 	  -41.79 	 
8.366399869	  0.162 	  -43.36 	 
8.382999869	  0.161 	  -45.05 	 
8.399599869	  0.159 	  -46.98 	 
8.416199869	  0.158 	  -48.95 	 
8.432799868	  0.155 	  -51.24 	 
8.449399868	  0.153 	  -53.44 	 
8.465999868	  0.150 	  -55.97 	 
8.482599868	  0.147 	  -58.28 	 
8.499199867	  0.145 	  -60.72 	 
8.515799867	  0.142 	  -63.30 	 
8.532399867	  0.139 	  -65.75 	 
8.548999866	  0.136 	  -68.18 	 
8.565599866	  0.134 	  -70.50 	 
8.582199866	  0.131 	  -72.83 	 
8.598799866	  0.128 	  -74.87 	 
8.615399865	  0.125 	  -76.95 	 
8.631999865	  0.123 	  -78.70 	 
8.648599865	  0.121 	  -80.37 	 
8.665199865	  0.119 	  -81.76 	 
8.681799864	  0.118 	  -82.96 	 
8.698399864	  0.116 	  -83.99 	 
8.714999864	  0.115 	  -84.68 	 
8.731599864	  0.114 	  -85.18 	 
8.748199863	  0.114 	  -85.44 	 
8.764799863	  0.113 	  -85.37 	 
8.781399863	  0.113 	  -85.10 	 
8.797999863	  0.113 	  -84.57 	 
8.814599862	  0.114 	  -83.77 	 
8.831199862	  0.114 	  -82.78 	 
8.847799862	  0.115 	  -81.48 	 
8.864399862	  0.115 	  -79.98 	 
8.880999861	  0.117 	  -78.36 	 
8.897599861	  0.118 	  -76.43 	 
8.914199861	  0.119 	  -74.35 	 
8.930799861	  0.122 	  -72.26 	 
8.947399860	  0.124 	  -69.96 	 
8.963999860	  0.126 	  -67.50 	 
8.980599860	  0.128 	  -65.08 	 
8.997199859	  0.129 	  -62.61 	 
9.013799859	  0.132 	  -60.21 	 
9.030399859	  0.136 	  -57.69 	 
9.046999859	  0.138 	  -55.28 	 
9.063599858	  0.140 	  -52.85 	 
9.080199858	  0.144 	  -50.59 	 
9.096799858	  0.147 	  -48.49 	 
9.113399858	  0.150 	  -46.52 	 
9.129999857	  0.153 	  -44.62 	 
9.146599857	  0.155 	  -42.98 	 
9.163199857	  0.158 	  -41.55 	 
9.179799857	  0.159 	  -40.26 	 
9.196399856	  0.161 	  -39.29 	 
9.212999856	  0.163 	  -38.45 	 
9.229599856	  0.164 	  -38.03 	 
9.246199856	  0.165 	  -37.73 	 
9.262799855	  0.165 	  -37.76 	 
9.279399855	  0.166 	  -37.95 	 
9.295999855	  0.166 	  -38.52 	 
9.312599855	  0.165 	  -39.24 	 
9.329199854	  0.164 	  -40.31 	 
9.345799854	  0.163 	  -41.52 	 
9.362399854	  0.162 	  -42.99 	 
9.378999854	  0.161 	  -44.62 	 
9.395599853	  0.160 	  -46.54 	 
9.412199853	  0.158 	  -48.56 	 
9.428799853	  0.156 	  -50.61 	 
9.445399852	  0.154 	  -53.01 	 
9.461999852	  0.151 	  -55.26 	 
9.478599852	  0.148 	  -57.73 	 
9.495199852	  0.145 	  -60.14 	 
9.511799851	  0.142 	  -62.71 	 
9.528399851	  0.140 	  -65.23 	 
9.544999851	  0.137 	  -67.60 	 
9.561599851	  0.134 	  -69.96 	 
9.578199850	  0.131 	  -72.29 	 
9.594799850	  0.129 	  -74.44 	 
9.611399850	  0.126 	  -76.44 	 
9.627999850	  0.123 	  -78.25 	 
9.644599849	  0.121 	  -79.96 	 
9.661199849	  0.119 	  -81.42 	 
9.677799849	  0.117 	  -82.74 	 
9.694399849	  0.117 	  -83.75 	 
9.710999848	  0.115 	  -84.53 	 
9.727599848	  0.114 	  -85.09 	 
9.744199848	  0.114 	  -85.42 	 
9.760799848	  0.113 	  -85.39 	 
9.777399847	  0.113 	  -85.22 	 
9.793999847	  0.113 	  -84.73 	 
9.810599847	  0.114 	  -83.99 	 
9.827199847	  0.114 	  -83.03 	 
9.843799846	  0.114 	  -81.84 	 
9.860399846	  0.115 	  -80.33 	 
9.876999846	  0.116 	  -78.70 	 
9.893599845	  0.117 	  -76.92 	 
9.910199845	  0.119 	  -74.89 	 
9.926799845	  0.121 	  -72.74 	 
9.943399845	  0.123 	  -70.49 	 
9.959999844	  0.125 	  -68.13 	 
9.976599844	  0.127 	  -65.69 	 
9.993199844	  0.129 	  -63.24 	 
10.009799844	  0.132 	  -60.85 	 
10.026399843	  0.135 	  -58.22 	 
10.042999843	  0.138 	  -55.83 	 
10.059599843	  0.140 	  -53.51 	 
10.076199843	  0.143 	  -51.20 	 
10.092799842	  0.146 	  -48.95 	 
10.109399842	  0.149 	  -46.96 	 
10.125999842	  0.152 	  -45.02 	 
10.142599842	  0.154 	  -43.31 	 
10.159199841	  0.157 	  -41.81 	 
10.175799841	  0.159 	  -40.56 	 
10.192399841	  0.161 	  -39.48 	 
10.208999841	  0.162 	  -38.72 	 
10.225599840	  0.164 	  -38.11 	 
10.242199840	  0.165 	  -37.80 	 
10.258799840	  0.165 	  -37.70 	 
10.275399840	  0.166 	  -37.88 	 
10.291999839	  0.166 	  -38.35 	 
10.308599839	  0.165 	  -39.10 	 
10.325199839	  0.164 	  -40.00 	 
10.341799838	  0.164 	  -41.23 	 
10.358399838	  0.162 	  -42.53 	 
10.374999838	  0.161 	  -44.28 	 
10.391599838	  0.160 	  -45.97 	 
10.408199837	  0.158 	  -47.94 	 
10.424799837	  0.156 	  -50.02 	 
10.441399837	  0.154 	  -52.50 	 
10.457999837	  0.151 	  -54.56 	 
10.474599836	  0.149 	  -57.09 	 
10.491199836	  0.146 	  -59.52 	 
10.507799836	  0.143 	  -62.05 	 
10.524399836	  0.140 	  -64.48 	 
10.540999835	  0.137 	  -66.96 	 
10.557599835	  0.134 	  -69.38 	 
10.574199835	  0.132 	  -71.65 	 
10.590799835	  0.128 	  -73.84 	 
10.607399834	  0.126 	  -75.96 	 
10.623999834	  0.124 	  -77.83 	 
10.640599834	  0.121 	  -79.58 	 
10.657199834	  0.120 	  -81.06 	 
10.673799833	  0.118 	  -82.47 	 
10.690399833	  0.116 	  -83.54 	 
10.706999833	  0.115 	  -84.34 	 
10.723599833	  0.114 	  -85.02 	 
10.740199832	  0.114 	  -85.37 	 
10.756799832	  0.113 	  -85.36 	 
10.773399832	  0.113 	  -85.26 	 
10.789999831	  0.113 	  -84.87 	 
10.806599831	  0.113 	  -84.16 	 
10.823199831	  0.114 	  -83.19 	 
10.839799831	  0.114 	  -82.08 	 
10.856399830	  0.115 	  -80.66 	 
10.872999830	  0.116 	  -79.11 	 
10.889599830	  0.117 	  -77.39 	 
10.906199830	  0.119 	  -75.45 	 
10.922799829	  0.120 	  -73.25 	 
10.939399829	  0.122 	  -71.06 	 
10.955999829	  0.124 	  -68.76 	 
10.972599829	  0.126 	  -66.30 	 
10.989199828	  0.128 	  -63.81 	 
11.005799828	  0.132 	  -61.35 	 
11.022399828	  0.133 	  -58.82 	 
11.038999828	  0.136 	  -56.33 	 
11.055599827	  0.139 	  -54.13 	 
11.072199827	  0.142 	  -51.67 	 
11.088799827	  0.144 	  -49.47 	 
11.105399827	  0.148 	  -47.41 	 
11.121999826	  0.151 	  -45.46 	 
11.138599826	  0.154 	  -43.73 	 
11.155199826	  0.157 	  -42.16 	 
11.171799826	  0.159 	  -40.82 	 
11.188399825	  0.160 	  -39.70 	 
11.204999825	  0.161 	  -38.90 	 
11.221599825	  0.163 	  -38.30 	 
11.238199824	  0.165 	  -37.77 	 
11.254799824	  0.165 	  -37.67 	 
11.271399824	  0.166 	  -37.87 	 
11.287999824	  0.165 	  -38.16 	 
11.304599823	  0.165 	  -38.85 	 
11.321199823	  0.165 	  -39.76 	 
11.337799823	  0.164 	  -40.90 	 
11.354399823	  0.162 	  -42.28 	 
11.370999822	  0.162 	  -43.80 	 
11.387599822	  0.159 	  -45.66 	 
11.404199822	  0.158 	  -47.51 	 
11.420799822	  0.156 	  -49.65 	 
11.437399821	  0.154 	  -51.84 	 
11.453999821	  0.151 	  -54.16 	 
11.470599821	  0.149 	  -56.57 	 
11.487199821	  0.146 	  -59.07 	 
11.503799820	  0.144 	  -61.48 	 
11.520399820	  0.140 	  -64.05 	 
11.536999820	  0.138 	  -66.39 	 
11.553599820	  0.135 	  -68.81 	 
11.570199819	  0.131 	  -71.12 	 
11.586799819	  0.129 	  -73.42 	 
11.603399819	  0.127 	  -75.41 	 
11.619999819	  0.124 	  -77.43 	 
11.636599818	  0.121 	  -79.27 	 
11.653199818	  0.120 	  -80.72 	 
11.669799818	  0.118 	  -82.08 	 
11.686399817	  0.117 	  -83.27 	 
11.702999817	  0.115 	  -84.14 	 
11.719599817	  0.114 	  -84.88 	 
11.736199817	  0.114 	  -85.31 	 
11.752799816	  0.113 	  -85.33 	 
11.769399816	  0.113 	  -85.24 	 
11.785999816	  0.113 	  -85.01 	 
11.802599816	  0.113 	  -84.38 	 
11.819199815	  0.113 	  -83.46 	 
11.835799815	  0.114 	  -82.39 	 
11.852399815	  0.114 	  -81.06 	 
11.868999815	  0.116 	  -79.50 	 
11.885599814	  0.117 	  -77.83 	 
11.902199814	  0.118 	  -75.88 	 
11.918799814	  0.119 	  -73.79 	 
11.935399814	  0.121 	  -71.59 	 
11.951999813	  0.123 	  -69.30 	 
11.968599813	  0.125 	  -66.92 	 
11.985199813	  0.128 	  -64.48 	 
12.001799813	  0.130 	  -62.05 	 
12.018399812	  0.133 	  -59.46 	 
12.034999812	  0.136 	  -57.07 	 
12.051599812	  0.138 	  -54.63 	 
12.068199812	  0.142 	  -52.28 	 
12.084799811	  0.144 	  -50.02 	 
12.101399811	  0.147 	  -47.90 	 
12.117999811	  0.151 	  -45.90 	 
12.134599810	  0.152 	  -44.20 	 
12.151199810	  0.156 	  -42.47 	 
12.167799810	  0.158 	  -41.25 	 
12.184399810	  0.159 	  -39.90 	 
12.200999809	  0.161 	  -39.11 	 
12.217599809	  0.162 	  -38.30 	 
12.234199809	  0.164 	  -37.90 	 
12.250799809	  0.165 	  -37.70 	 
12.267399808	  0.165 	  -37.80 	 
12.283999808	  0.165 	  -38.09 	 
12.300599808	  0.165 	  -38.71 	 
12.317199808	  0.165 	  -39.44 	 
12.333799807	  0.164 	  -40.62 	 
12.350399807	  0.162 	  -41.89 	 
12.366999807	  0.162 	  -43.45 	 
12.383599807	  0.160 	  -45.05 	 
12.400199806	  0.158 	  -46.97 	 
12.416799806	  0.157 	  -49.11 	 
12.433399806	  0.154 	  -51.25 	 
12.449999806	  0.152 	  -53.59 	 
12.466599805	  0.150 	  -55.94 	 
12.483199805	  0.146 	  -58.41 	 
12.499799805	  0.144 	  -60.87 	 
12.516399805	  0.141 	  -63.35 	 
12.532999804	  0.138 	  -65.93 	 
12.549599804	  0.135 	  -68.29 	 
12.566199804	  0.132 	  -70.61 	 
12.582799803	  0.130 	  -72.94 	 
12.599399803	  0.127 	  -74.97 	 
12.615999803	  0.125 	  -76.93 	 
12.632599803	  0.122 	  -78.74 	 
12.649199802	  0.120 	  -80.35 	 
12.665799802	  0.118 	  -81.78 	 
12.682399802	  0.117 	  -82.95 	 
12.698999802	  0.115 	  -83.99 	 
12.715599801	  0.114 	  -84.67 	 
12.732199801	  0.113 	  -85.19 	 
12.748799801	  0.113 	  -85.35 	 
12.765399801	  0.112 	  -85.36 	 
12.781999800	  0.112 	  -85.09 	 
12.798599800	  0.112 	  -84.48 	 
12.815199800	  0.113 	  -83.66 	 
12.831799800	  0.113 	  -82.64 	 
12.848399799	  0.114 	  -81.42 	 
12.864999799	  0.115 	  -79.87 	 
12.881599799	  0.116 	  -78.18 	 
12.898199799	  0.117 	  -76.42 	 
12.914799798	  0.118 	  -74.24 	 
12.931399798	  0.120 	  -72.12 	 
12.947999798	  0.122 	  -69.80 	 
12.964599798	  0.124 	  -67.44 	 
12.981199797	  0.127 	  -64.97 	 
12.997799797	  0.130 	  -62.48 	 
13.014399797	  0.132 	  -60.08 	 
13.030999796	  0.134 	  -57.56 	 
13.047599796	  0.138 	  -55.13 	 
13.064199796	  0.140 	  -52.94 	 
13.080799796	  0.144 	  -50.54 	 
13.097399795	  0.146 	  -48.46 	 
13.113999795	  0.149 	  -46.30 	 
13.130599795	  0.152 	  -44.61 	 
13.147199795	  0.154 	  -42.96 	 
13.163799794	  0.157 	  -41.44 	 
13.180399794	  0.159 	  -40.26 	 
13.196999794	  0.161 	  -39.25 	 
13.213599794	  0.162 	  -38.49 	 
13.230199793	  0.164 	  -37.99 	 
13.246799793	  0.165 	  -37.76 	 
13.263399793	  0.165 	  -37.75 	 
13.279999793	  0.166 	  -38.08 	 
13.296599792	  0.165 	  -38.49 	 
13.313199792	  0.165 	  -39.30 	 
13.329799792	  0.164 	  -40.29 	 
13.346399792	  0.163 	  -41.56 	 
13.362999791	  0.162 	  -43.06 	 
13.379599791	  0.160 	  -44.69 	 
13.396199791	  0.159 	  -46.61 	 
13.412799791	  0.157 	  -48.57 	 
13.429399790	  0.154 	  -50.74 	 
13.445999790	  0.153 	  -52.89 	 
13.462599790	  0.150 	  -55.37 	 
13.479199789	  0.147 	  -57.81 	 
13.495799789	  0.144 	  -60.29 	 
13.512399789	  0.141 	  -62.73 	 
13.528999789	  0.139 	  -65.14 	 
13.545599788	  0.136 	  -67.71 	 
13.562199788	  0.134 	  -70.04 	 
13.578799788	  0.130 	  -72.31 	 
13.595399788	  0.127 	  -74.43 	 
13.611999787	  0.124 	  -76.45 	 
13.628599787	  0.123 	  -78.29 	 
13.645199787	  0.120 	  -79.96 	 
13.661799787	  0.119 	  -81.50 	 
13.678399786	  0.117 	  -82.70 	 
13.694999786	  0.115 	  -83.66 	 
13.711599786	  0.114 	  -84.56 	 
13.728199786	  0.113 	  -85.12 	 
13.744799785	  0.113 	  -85.37 	 
13.761399785	  0.112 	  -85.35 	 
13.777999785	  0.112 	  -85.16 	 
13.794599785	  0.112 	  -84.68 	 
13.811199784	  0.112 	  -83.98 	 
13.827799784	  0.113 	  -82.97 	 
13.844399784	  0.113 	  -81.75 	 
13.860999784	  0.114 	  -80.29 	 
13.877599783	  0.116 	  -78.66 	 
13.894199783	  0.117 	  -76.74 	 
13.910799783	  0.119 	  -74.81 	 
13.927399782	  0.120 	  -72.65 	 
13.943999782	  0.122 	  -70.39 	 
13.960599782	  0.124 	  -68.03 	 
13.977199782	  0.126 	  -65.66 	 
13.993799781	  0.129 	  -63.16 	 
14.010399781	  0.131 	  -60.77 	 
14.026999781	  0.134 	  -58.18 	 
14.043599781	  0.137 	  -55.77 	 
14.060199780	  0.139 	  -53.46 	 
14.076799780	  0.143 	  -51.06 	 
14.093399780	  0.145 	  -48.90 	 
14.109999780	  0.148 	  -46.89 	 
14.126599779	  0.151 	  -45.02 	 
14.143199779	  0.153 	  -43.32 	 
14.159799779	  0.156 	  -41.80 	 
14.176399779	  0.158 	  -40.51 	 
14.192999778	  0.160 	  -39.47 	 
14.209599778	  0.162 	  -38.76 	 
14.226199778	  0.162 	  -38.04 	 
14.242799778	  0.164 	  -37.84 	 
14.259399777	  0.165 	  -37.73 	 
14.275999777	  0.164 	  -37.92 	 
14.292599777	  0.164 	  -38.34 	 
14.309199777	  0.164 	  -39.08 	 
14.325799776	  0.164 	  -40.01 	 
14.342399776	  0.163 	  -41.26 	 
14.358999776	  0.161 	  -42.69 	 
14.375599775	  0.160 	  -44.35 	 
14.392199775	  0.159 	  -46.03 	 
14.408799775	  0.157 	  -48.01 	 
14.425399775	  0.154 	  -50.28 	 
14.441999774	  0.153 	  -52.51 	 
14.458599774	  0.150 	  -54.71 	 
14.475199774	  0.148 	  -57.18 	 
14.491799774	  0.144 	  -59.64 	 
14.508399773	  0.143 	  -62.19 	 
14.524999773	  0.139 	  -64.58 	 
14.541599773	  0.136 	  -67.15 	 
14.558199773	  0.134 	  -69.42 	 
14.574799772	  0.130 	  -71.75 	 
14.591399772	  0.128 	  -73.95 	 
14.607999772	  0.125 	  -76.01 	 
14.624599772	  0.123 	  -77.93 	 
14.641199771	  0.121 	  -79.69 	 
14.657799771	  0.119 	  -81.13 	 
14.674399771	  0.117 	  -82.45 	 
14.690999771	  0.116 	  -83.59 	 
14.707599770	  0.114 	  -84.46 	 
14.724199770	  0.113 	  -85.02 	 
14.740799770	  0.112 	  -85.33 	 
14.757399769	  0.111 	  -85.42 	 
14.773999769	  0.112 	  -85.26 	 
14.790599769	  0.112 	  -84.82 	 
14.807199769	  0.113 	  -84.18 	 
14.823799768	  0.113 	  -83.17 	 
14.840399768	  0.114 	  -82.04 	 
14.856999768	  0.114 	  -80.64 	 
14.873599768	  0.115 	  -79.13 	 
14.890199767	  0.117 	  -77.26 	 
14.906799767	  0.118 	  -75.33 	 
14.923399767	  0.120 	  -73.18 	 
14.939999767	  0.121 	  -70.91 	 
14.956599766	  0.123 	  -68.56 	 
14.973199766	  0.125 	  -66.11 	 
14.989799766	  0.128 	  -63.90 	 
15.006399766	  0.130 	  -61.24 	 
15.022999765	  0.133 	  -58.85 	 
15.039599765	  0.135 	  -56.28 	 
15.056199765	  0.139 	  -53.97 	 
15.072799765	  0.141 	  -51.62 	 
15.089399764	  0.144 	  -49.45 	 
15.105999764	  0.147 	  -47.31 	 
15.122599764	  0.150 	  -45.49 	 
15.139199764	  0.153 	  -43.69 	 
15.155799763	  0.155 	  -42.20 	 
15.172399763	  0.157 	  -40.75 	 
15.188999763	  0.159 	  -39.72 	 
15.205599762	  0.161 	  -38.79 	 
15.222199762	  0.162 	  -38.27 	 
15.238799762	  0.164 	  -37.86 	 
15.255399762	  0.163 	  -37.69 	 
15.271999761	  0.165 	  -37.82 	 
15.288599761	  0.164 	  -38.23 	 
15.305199761	  0.164 	  -38.87 	 
15.321799761	  0.164 	  -39.81 	 
15.338399760	  0.163 	  -40.90 	 
15.354999760	  0.161 	  -42.28 	 
15.371599760	  0.161 	  -43.80 	 
15.388199760	  0.159 	  -45.66 	 
15.404799759	  0.157 	  -47.63 	 
15.421399759	  0.156 	  -49.66 	 
15.437999759	  0.153 	  -51.86 	 
15.454599759	  0.151 	  -54.24 	 
15.471199758	  0.148 	  -56.73 	 
15.487799758	  0.145 	  -59.01 	 
15.504399758	  0.142 	  -61.61 	 
15.520999758	  0.139 	  -64.13 	 
15.537599757	  0.137 	  -66.53 	 
15.554199757	  0.134 	  -68.89 	 
15.570799757	  0.131 	  -71.14 	 
15.587399757	  0.128 	  -73.40 	 
15.603999756	  0.125 	  -75.48 	 
15.620599756	  0.123 	  -77.47 	 
15.637199756	  0.122 	  -79.18 	 
15.653799755	  0.119 	  -80.84 	 
15.670399755	  0.116 	  -82.08 	 
15.686999755	  0.115 	  -83.31 	 
15.703599755	  0.114 	  -84.19 	 
15.720199754	  0.112 	  -84.93 	 
15.736799754	  0.113 	  -85.22 	 
15.753399754	  0.112 	  -85.41 	 
15.769999754	  0.112 	  -85.23 	 
15.786599753	  0.111 	  -84.93 	 
15.803199753	  0.112 	  -84.34 	 
15.819799753	  0.113 	  -83.52 	 
15.836399753	  0.113 	  -82.30 	 
15.852999752	  0.114 	  -80.98 	 
15.869599752	  0.115 	  -79.41 	 
15.886199752	  0.116 	  -77.68 	 
15.902799752	  0.117 	  -75.68 	 
15.919399751	  0.119 	  -73.73 	 
15.935999751	  0.121 	  -71.55 	 
15.952599751	  0.123 	  -69.15 	 
15.969199751	  0.124 	  -66.79 	 
15.985799750	  0.127 	  -64.35 	 
16.002399750	  0.129 	  -61.90 	 
16.018999750	  0.132 	  -59.37 	 
16.035599750	  0.135 	  -57.05 	 
16.052199749	  0.138 	  -54.47 	 
16.068799749	  0.140 	  -52.26 	 
16.085399749	  0.143 	  -49.94 	 
16.101999748	  0.146 	  -47.85 	 
16.118599748	  0.149 	  -45.91 	 
16.135199748	  0.152 	  -44.09 	 
16.151799748	  0.154 	  -42.54 	 
16.168399747	  0.157 	  -41.12 	 
16.184999747	  0.159 	  -39.96 	 
16.201599747	  0.160 	  -39.00 	 
16.218199747	  0.161 	  -38.37 	 
16.234799746	  0.163 	  -37.81 	 
16.251399746	  0.164 	  -37.70 	 
16.267999746	  0.164 	  -37.83 	 
16.284599746	  0.164 	  -38.15 	 
16.301199745	  0.164 	  -38.69 	 
16.317799745	  0.163 	  -39.63 	 
16.334399745	  0.162 	  -40.63 	 
16.350999745	  0.162 	  -41.91 	 
16.367599744	  0.160 	  -43.48 	 
16.384199744	  0.159 	  -45.26 	 
16.400799744	  0.158 	  -47.17 	 
16.417399744	  0.157 	  -49.21 	 
16.433999743	  0.153 	  -51.32 	 
16.450599743	  0.151 	  -53.66 	 
16.467199743	  0.148 	  -56.11 	 
16.483799743	  0.146 	  -58.50 	 
16.500399742	  0.143 	  -60.95 	 
16.516999742	  0.140 	  -63.50 	 
16.533599742	  0.137 	  -65.84 	 
16.550199741	  0.134 	  -68.32 	 
16.566799741	  0.131 	  -70.71 	 
16.583399741	  0.128 	  -72.90 	 
16.599999741	  0.126 	  -75.03 	 
16.616599740	  0.124 	  -77.00 	 
16.633199740	  0.121 	  -78.79 	 
16.649799740	  0.119 	  -80.35 	 
16.666399740	  0.117 	  -81.85 	 
16.682999739	  0.116 	  -83.11 	 
16.699599739	  0.114 	  -84.01 	 
16.716199739	  0.114 	  -84.68 	 
16.732799739	  0.112 	  -85.13 	 
16.749399738	  0.112 	  -85.39 	 
16.765999738	  0.112 	  -85.41 	 
16.782599738	  0.112 	  -85.04 	 
16.799199738	  0.111 	  -84.49 	 
16.815799737	  0.113 	  -83.75 	 
16.832399737	  0.112 	  -82.68 	 
16.848999737	  0.113 	  -81.36 	 
16.865599737	  0.114 	  -79.78 	 
16.882199736	  0.115 	  -78.16 	 
16.898799736	  0.117 	  -76.26 	 
16.915399736	  0.118 	  -74.26 	 
16.931999736	  0.119 	  -72.07 	 
16.948599735	  0.122 	  -69.79 	 
16.965199735	  0.124 	  -67.44 	 
16.981799735	  0.127 	  -64.97 	 
