0.000000000	  0.139 	  -69.58 	 
0.002200000	  0.143 	  -65.67 	 
0.004400000	  0.147 	  -61.65 	 
0.006600000	  0.150 	  -57.61 	 
0.008800000	  0.154 	  -53.72 	 
0.011000000	  0.158 	  -50.09 	 
0.013200000	  0.161 	  -46.80 	 
0.015400000	  0.165 	  -43.84 	 
0.017600000	  0.169 	  -41.53 	 
0.019800000	  0.171 	  -39.65 	 
0.022000000	  0.174 	  -38.40 	 
0.024200000	  0.175 	  -37.77 	 
0.026400000	  0.176 	  -37.83 	 
0.028600000	  0.177 	  -38.42 	 
0.030800000	  0.175 	  -39.65 	 
0.033000000	  0.175 	  -41.54 	 
0.035200000	  0.173 	  -43.93 	 
0.037400000	  0.172 	  -46.94 	 
0.039600000	  0.168 	  -50.31 	 
0.041800000	  0.165 	  -54.06 	 
0.044000000	  0.161 	  -57.92 	 
0.046200000	  0.157 	  -61.95 	 
0.048400000	  0.153 	  -65.87 	 
0.050600000	  0.150 	  -69.72 	 
0.052800000	  0.146 	  -73.32 	 
0.055000000	  0.142 	  -76.56 	 
0.057200000	  0.139 	  -79.41 	 
0.059400000	  0.136 	  -81.78 	 
0.061600000	  0.134 	  -83.60 	 
0.063800000	  0.133 	  -84.80 	 
0.066000000	  0.131 	  -85.46 	 
0.068200000	  0.130 	  -85.36 	 
0.070400000	  0.130 	  -84.75 	 
0.072600000	  0.130 	  -83.61 	 
0.074800000	  0.132 	  -81.64 	 
0.077000000	  0.133 	  -79.31 	 
0.079200000	  0.135 	  -76.29 	 
0.081400000	  0.137 	  -72.86 	 
0.083600000	  0.140 	  -69.08 	 
0.085800000	  0.143 	  -65.12 	 
0.088000000	  0.147 	  -61.08 	 
0.090200000	  0.150 	  -57.12 	 
0.092399999	  0.154 	  -53.27 	 
0.094599999	  0.159 	  -49.66 	 
0.096799999	  0.163 	  -46.40 	 
0.098999999	  0.166 	  -43.60 	 
0.101199999	  0.169 	  -41.24 	 
0.103399999	  0.172 	  -39.41 	 
0.105599999	  0.174 	  -38.32 	 
0.107799999	  0.175 	  -37.77 	 
0.109999999	  0.176 	  -37.83 	 
0.112199999	  0.176 	  -38.52 	 
0.114399999	  0.176 	  -39.88 	 
0.116599999	  0.175 	  -41.80 	 
0.118799999	  0.172 	  -44.39 	 
0.120999999	  0.171 	  -47.38 	 
0.123199999	  0.168 	  -50.77 	 
0.125399999	  0.164 	  -54.52 	 
0.127599999	  0.161 	  -58.39 	 
0.129799999	  0.157 	  -62.38 	 
0.131999999	  0.154 	  -66.37 	 
0.134199999	  0.149 	  -70.18 	 
0.136399999	  0.145 	  -73.72 	 
0.138599999	  0.142 	  -76.96 	 
0.140799999	  0.139 	  -79.78 	 
0.142999999	  0.136 	  -82.02 	 
0.145199999	  0.134 	  -83.81 	 
0.147399999	  0.131 	  -84.93 	 
0.149599999	  0.131 	  -85.46 	 
0.151799999	  0.130 	  -85.35 	 
0.153999999	  0.131 	  -84.65 	 
0.156199999	  0.131 	  -83.31 	 
0.158399999	  0.132 	  -81.39 	 
0.160599999	  0.134 	  -78.91 	 
0.162799999	  0.135 	  -75.84 	 
0.164999999	  0.138 	  -72.48 	 
0.167199999	  0.140 	  -68.65 	 
0.169399999	  0.144 	  -64.65 	 
0.171599999	  0.147 	  -60.65 	 
0.173799999	  0.151 	  -56.65 	 
0.175999999	  0.155 	  -52.80 	 
0.178199999	  0.159 	  -49.26 	 
0.180399999	  0.162 	  -46.04 	 
0.182599999	  0.166 	  -43.24 	 
0.184799999	  0.170 	  -41.02 	 
0.186999999	  0.172 	  -39.31 	 
0.189199999	  0.174 	  -38.19 	 
0.191399999	  0.176 	  -37.73 	 
0.193599999	  0.176 	  -37.94 	 
0.195799999	  0.176 	  -38.63 	 
0.197999999	  0.175 	  -40.06 	 
0.200199999	  0.175 	  -42.11 	 
0.202399999	  0.172 	  -44.69 	 
0.204599999	  0.171 	  -47.83 	 
0.206799999	  0.167 	  -51.24 	 
0.208999999	  0.164 	  -54.98 	 
0.211199999	  0.160 	  -58.88 	 
0.213399999	  0.157 	  -62.90 	 
0.215599999	  0.152 	  -66.81 	 
0.217799999	  0.148 	  -70.62 	 
0.219999999	  0.145 	  -74.13 	 
0.222199999	  0.141 	  -77.29 	 
0.224399999	  0.138 	  -80.07 	 
0.226599999	  0.136 	  -82.29 	 
0.228799999	  0.134 	  -83.94 	 
0.230999999	  0.131 	  -85.02 	 
0.233199999	  0.130 	  -85.48 	 
0.235399999	  0.131 	  -85.28 	 
0.237599999	  0.131 	  -84.55 	 
0.239799999	  0.131 	  -83.15 	 
0.241999999	  0.132 	  -81.14 	 
0.244199999	  0.134 	  -78.55 	 
0.246399999	  0.136 	  -75.52 	 
0.248599999	  0.137 	  -71.98 	 
0.250799999	  0.141 	  -68.14 	 
0.252999999	  0.144 	  -64.20 	 
0.255199999	  0.147 	  -60.07 	 
0.257399999	  0.151 	  -56.15 	 
0.259599999	  0.155 	  -52.36 	 
0.261799999	  0.160 	  -48.78 	 
0.263999999	  0.163 	  -45.64 	 
0.266199999	  0.166 	  -42.93 	 
0.268399999	  0.169 	  -40.70 	 
0.270599999	  0.172 	  -39.05 	 
0.272799999	  0.174 	  -38.08 	 
0.274999999	  0.176 	  -37.68 	 
0.277199998	  0.176 	  -37.90 	 
0.279399998	  0.176 	  -38.71 	 
0.281599998	  0.175 	  -40.25 	 
0.283799998	  0.174 	  -42.33 	 
0.285999998	  0.172 	  -45.07 	 
0.288199998	  0.170 	  -48.15 	 
0.290399998	  0.167 	  -51.66 	 
0.292599998	  0.163 	  -55.46 	 
0.294799998	  0.160 	  -59.33 	 
0.296999998	  0.156 	  -63.35 	 
0.299199998	  0.152 	  -67.29 	 
0.301399998	  0.148 	  -71.07 	 
0.303599998	  0.144 	  -74.57 	 
0.305799998	  0.141 	  -77.67 	 
0.307999998	  0.137 	  -80.40 	 
0.310199998	  0.136 	  -82.52 	 
0.312399998	  0.134 	  -84.17 	 
0.314599998	  0.131 	  -85.11 	 
0.316799998	  0.131 	  -85.54 	 
0.318999998	  0.130 	  -85.27 	 
0.321199998	  0.131 	  -84.55 	 
0.323399998	  0.131 	  -83.00 	 
0.325599998	  0.132 	  -81.00 	 
0.327799998	  0.134 	  -78.20 	 
0.329999998	  0.136 	  -74.99 	 
0.332199998	  0.138 	  -71.43 	 
0.334399998	  0.141 	  -67.61 	 
0.336599998	  0.144 	  -63.65 	 
0.338799998	  0.148 	  -59.69 	 
0.340999998	  0.152 	  -55.71 	 
0.343199998	  0.156 	  -51.93 	 
0.345399998	  0.160 	  -48.44 	 
0.347599998	  0.164 	  -45.29 	 
0.349799998	  0.167 	  -42.63 	 
0.351999998	  0.170 	  -40.51 	 
0.354199998	  0.173 	  -38.93 	 
0.356399998	  0.174 	  -37.97 	 
0.358599998	  0.176 	  -37.71 	 
0.360799998	  0.176 	  -37.99 	 
0.362999998	  0.176 	  -38.89 	 
0.365199998	  0.175 	  -40.52 	 
0.367399998	  0.174 	  -42.65 	 
0.369599998	  0.171 	  -45.36 	 
0.371799998	  0.169 	  -48.55 	 
0.373999998	  0.167 	  -52.08 	 
0.376199998	  0.163 	  -55.96 	 
0.378399998	  0.159 	  -59.89 	 
0.380599998	  0.155 	  -63.90 	 
0.382799998	  0.152 	  -67.73 	 
0.384999998	  0.147 	  -71.56 	 
0.387199998	  0.143 	  -74.93 	 
0.389399998	  0.140 	  -78.04 	 
0.391599998	  0.137 	  -80.62 	 
0.393799998	  0.135 	  -82.80 	 
0.395999998	  0.134 	  -84.26 	 
0.398199998	  0.131 	  -85.24 	 
0.400399998	  0.131 	  -85.48 	 
0.402599998	  0.131 	  -85.23 	 
0.404799998	  0.131 	  -84.32 	 
0.406999998	  0.131 	  -82.82 	 
0.409199998	  0.134 	  -80.61 	 
0.411399998	  0.134 	  -77.87 	 
0.413599998	  0.136 	  -74.61 	 
0.415799998	  0.139 	  -70.98 	 
0.417999998	  0.142 	  -67.18 	 
0.420199998	  0.145 	  -63.17 	 
0.422399998	  0.148 	  -59.17 	 
0.424599998	  0.152 	  -55.26 	 
0.426799998	  0.157 	  -51.53 	 
0.428999998	  0.160 	  -48.02 	 
0.431199998	  0.164 	  -44.95 	 
0.433399998	  0.167 	  -42.38 	 
0.435599998	  0.171 	  -40.25 	 
0.437799998	  0.173 	  -38.78 	 
0.439999998	  0.174 	  -37.91 	 
0.442199998	  0.176 	  -37.72 	 
0.444399998	  0.176 	  -38.10 	 
0.446599998	  0.175 	  -39.06 	 
0.448799998	  0.175 	  -40.73 	 
0.450999998	  0.174 	  -42.92 	 
0.453199998	  0.171 	  -45.81 	 
0.455399998	  0.169 	  -49.00 	 
0.457599998	  0.166 	  -52.61 	 
0.459799998	  0.162 	  -56.39 	 
0.461999997	  0.158 	  -60.34 	 
0.464199997	  0.155 	  -64.33 	 
0.466399997	  0.151 	  -68.23 	 
0.468599997	  0.147 	  -71.89 	 
0.470799997	  0.143 	  -75.32 	 
0.472999997	  0.140 	  -78.37 	 
0.475199997	  0.138 	  -80.92 	 
0.477399997	  0.134 	  -82.94 	 
0.479599997	  0.133 	  -84.45 	 
0.481799997	  0.131 	  -85.25 	 
0.483999997	  0.131 	  -85.52 	 
0.486199997	  0.130 	  -85.11 	 
0.488399997	  0.131 	  -84.20 	 
0.490599997	  0.131 	  -82.50 	 
0.492799997	  0.134 	  -80.34 	 
0.494999997	  0.135 	  -77.42 	 
0.497199997	  0.136 	  -74.17 	 
0.499399997	  0.139 	  -70.53 	 
0.501599997	  0.142 	  -66.65 	 
0.503799997	  0.145 	  -62.67 	 
0.505999997	  0.149 	  -58.70 	 
0.508199997	  0.154 	  -54.74 	 
0.510399997	  0.157 	  -51.03 	 
0.512599997	  0.160 	  -47.68 	 
0.514799997	  0.165 	  -44.58 	 
0.516999997	  0.168 	  -42.02 	 
0.519199997	  0.171 	  -40.06 	 
0.521399997	  0.173 	  -38.65 	 
0.523599997	  0.175 	  -37.84 	 
0.525799997	  0.176 	  -37.75 	 
0.527999997	  0.176 	  -38.16 	 
0.530199997	  0.176 	  -39.21 	 
0.532399997	  0.175 	  -40.97 	 
0.534599997	  0.173 	  -43.21 	 
0.536799997	  0.172 	  -46.04 	 
0.538999997	  0.169 	  -49.32 	 
0.541199997	  0.165 	  -52.96 	 
0.543399997	  0.162 	  -56.81 	 
0.545599997	  0.158 	  -60.81 	 
0.547799997	  0.154 	  -64.78 	 
0.549999997	  0.150 	  -68.67 	 
0.552199997	  0.146 	  -72.32 	 
0.554399997	  0.143 	  -75.68 	 
0.556599997	  0.139 	  -78.64 	 
0.558799997	  0.137 	  -81.16 	 
0.560999997	  0.135 	  -83.17 	 
0.563199997	  0.133 	  -84.51 	 
0.565399997	  0.131 	  -85.31 	 
0.567599997	  0.130 	  -85.44 	 
0.569799997	  0.131 	  -84.97 	 
0.571999997	  0.131 	  -83.94 	 
0.574199997	  0.132 	  -82.19 	 
0.576399997	  0.133 	  -79.83 	 
0.578599997	  0.135 	  -76.98 	 
0.580799997	  0.137 	  -73.64 	 
0.582999997	  0.139 	  -70.05 	 
0.585199997	  0.142 	  -66.20 	 
0.587399997	  0.145 	  -62.21 	 
0.589599997	  0.150 	  -58.20 	 
0.591799997	  0.154 	  -54.27 	 
0.593999997	  0.157 	  -50.61 	 
0.596199997	  0.161 	  -47.23 	 
0.598399997	  0.165 	  -44.28 	 
0.600599997	  0.168 	  -41.78 	 
0.602799997	  0.171 	  -39.87 	 
0.604999997	  0.173 	  -38.56 	 
0.607199997	  0.175 	  -37.82 	 
0.609399997	  0.176 	  -37.77 	 
0.611599997	  0.176 	  -38.30 	 
0.613799997	  0.176 	  -39.40 	 
0.615999997	  0.175 	  -41.23 	 
0.618199997	  0.173 	  -43.58 	 
0.620399997	  0.171 	  -46.50 	 
0.622599997	  0.168 	  -49.78 	 
0.624799997	  0.165 	  -53.44 	 
0.626999997	  0.161 	  -57.31 	 
0.629199997	  0.158 	  -61.31 	 
0.631399997	  0.154 	  -65.28 	 
0.633599997	  0.150 	  -69.14 	 
0.635799997	  0.146 	  -72.75 	 
0.637999997	  0.143 	  -76.10 	 
0.640199997	  0.139 	  -78.97 	 
0.642399997	  0.136 	  -81.40 	 
0.644599997	  0.134 	  -83.33 	 
0.646799996	  0.132 	  -84.65 	 
0.648999996	  0.131 	  -85.28 	 
0.651199996	  0.130 	  -85.35 	 
0.653399996	  0.131 	  -84.84 	 
0.655599996	  0.131 	  -83.70 	 
0.657799996	  0.132 	  -81.99 	 
0.659999996	  0.133 	  -79.58 	 
0.662199996	  0.135 	  -76.78 	 
0.664399996	  0.137 	  -73.38 	 
0.666599996	  0.139 	  -69.66 	 
0.668799996	  0.143 	  -65.73 	 
0.670999996	  0.146 	  -61.67 	 
0.673199996	  0.150 	  -57.68 	 
0.675399996	  0.154 	  -53.81 	 
0.677599996	  0.158 	  -50.20 	 
0.679799996	  0.162 	  -46.86 	 
0.681999996	  0.165 	  -43.95 	 
0.684199996	  0.168 	  -41.55 	 
0.686399996	  0.172 	  -39.68 	 
0.688599996	  0.174 	  -38.38 	 
0.690799996	  0.175 	  -37.79 	 
0.692999996	  0.175 	  -37.80 	 
0.695199996	  0.176 	  -38.36 	 
0.697399996	  0.175 	  -39.63 	 
0.699599996	  0.175 	  -41.47 	 
0.701799996	  0.174 	  -43.94 	 
0.703999996	  0.170 	  -46.89 	 
0.706199996	  0.168 	  -50.23 	 
0.708399996	  0.165 	  -53.92 	 
0.710599996	  0.161 	  -57.77 	 
0.712799996	  0.157 	  -61.77 	 
0.714999996	  0.154 	  -65.68 	 
0.717199996	  0.150 	  -69.55 	 
0.719399996	  0.145 	  -73.18 	 
0.721599996	  0.143 	  -76.45 	 
0.723799996	  0.139 	  -79.29 	 
0.725999996	  0.137 	  -81.69 	 
0.728199996	  0.134 	  -83.51 	 
0.730399996	  0.132 	  -84.75 	 
0.732599996	  0.131 	  -85.35 	 
0.734799996	  0.131 	  -85.36 	 
0.736999996	  0.130 	  -84.78 	 
0.739199996	  0.131 	  -83.59 	 
0.741399996	  0.132 	  -81.74 	 
0.743599996	  0.133 	  -79.32 	 
0.745799996	  0.135 	  -76.36 	 
0.747999996	  0.137 	  -72.94 	 
0.750199996	  0.140 	  -69.16 	 
0.752399996	  0.143 	  -65.20 	 
0.754599996	  0.147 	  -61.19 	 
0.756799996	  0.151 	  -57.16 	 
0.758999996	  0.154 	  -53.37 	 
0.761199996	  0.158 	  -49.77 	 
0.763399996	  0.162 	  -46.47 	 
0.765599996	  0.166 	  -43.62 	 
0.767799996	  0.168 	  -41.30 	 
0.769999996	  0.172 	  -39.46 	 
0.772199996	  0.174 	  -38.29 	 
0.774399996	  0.175 	  -37.69 	 
0.776599996	  0.176 	  -37.81 	 
0.778799996	  0.176 	  -38.48 	 
0.780999996	  0.176 	  -39.75 	 
0.783199996	  0.175 	  -41.72 	 
0.785399996	  0.172 	  -44.27 	 
0.787599996	  0.171 	  -47.33 	 
0.789799996	  0.167 	  -50.69 	 
0.791999996	  0.165 	  -54.49 	 
0.794199996	  0.160 	  -58.31 	 
0.796399996	  0.157 	  -62.32 	 
0.798599996	  0.153 	  -66.24 	 
0.800799996	  0.149 	  -70.09 	 
0.802999996	  0.145 	  -73.57 	 
0.805199996	  0.142 	  -76.90 	 
0.807399996	  0.139 	  -79.63 	 
0.809599996	  0.135 	  -82.00 	 
0.811799996	  0.134 	  -83.73 	 
0.813999996	  0.133 	  -84.95 	 
0.816199996	  0.131 	  -85.42 	 
0.818399996	  0.130 	  -85.39 	 
0.820599996	  0.130 	  -84.71 	 
0.822799996	  0.131 	  -83.42 	 
0.824999996	  0.132 	  -81.48 	 
0.827199996	  0.133 	  -78.89 	 
0.829399996	  0.135 	  -75.86 	 
0.831599995	  0.137 	  -72.43 	 
0.833799995	  0.140 	  -68.74 	 
0.835999995	  0.144 	  -64.75 	 
0.838199995	  0.147 	  -60.76 	 
0.840399995	  0.150 	  -56.76 	 
0.842599995	  0.155 	  -52.91 	 
0.844799995	  0.158 	  -49.36 	 
0.846999995	  0.163 	  -46.11 	 
0.849199995	  0.166 	  -43.35 	 
0.851399995	  0.169 	  -41.06 	 
0.853599995	  0.172 	  -39.32 	 
0.855799995	  0.174 	  -38.19 	 
0.857999995	  0.175 	  -37.75 	 
0.860199995	  0.175 	  -37.88 	 
0.862399995	  0.176 	  -38.60 	 
0.864599995	  0.175 	  -40.01 	 
0.866799995	  0.174 	  -42.01 	 
0.868999995	  0.172 	  -44.64 	 
0.871199995	  0.170 	  -47.69 	 
0.873399995	  0.167 	  -51.18 	 
0.875599995	  0.164 	  -54.88 	 
0.877799995	  0.160 	  -58.79 	 
0.879999995	  0.156 	  -62.77 	 
0.882199995	  0.153 	  -66.69 	 
0.884399995	  0.149 	  -70.53 	 
0.886599995	  0.145 	  -74.05 	 
0.888799995	  0.141 	  -77.24 	 
0.890999995	  0.138 	  -79.98 	 
0.893199995	  0.135 	  -82.24 	 
0.895399995	  0.133 	  -83.89 	 
0.897599995	  0.132 	  -85.01 	 
0.899799995	  0.131 	  -85.48 	 
0.901999995	  0.130 	  -85.31 	 
0.904199995	  0.131 	  -84.61 	 
0.906399995	  0.131 	  -83.22 	 
0.908599995	  0.133 	  -81.17 	 
0.910799995	  0.133 	  -78.59 	 
0.912999995	  0.135 	  -75.52 	 
0.915199995	  0.138 	  -72.07 	 
0.917399995	  0.140 	  -68.28 	 
0.919599995	  0.144 	  -64.29 	 
0.921799995	  0.147 	  -60.28 	 
0.923999995	  0.151 	  -56.33 	 
0.926199995	  0.155 	  -52.53 	 
0.928399995	  0.159 	  -48.95 	 
0.930599995	  0.163 	  -45.79 	 
0.932799995	  0.166 	  -43.08 	 
0.934999995	  0.170 	  -40.78 	 
0.937199995	  0.171 	  -39.21 	 
0.939399995	  0.174 	  -38.16 	 
0.941599995	  0.176 	  -37.74 	 
0.943799995	  0.176 	  -37.96 	 
0.945999995	  0.176 	  -38.82 	 
0.948199995	  0.175 	  -40.23 	 
0.950399995	  0.174 	  -42.29 	 
0.952599995	  0.172 	  -44.94 	 
0.954799995	  0.169 	  -47.99 	 
0.956999995	  0.167 	  -51.55 	 
0.959199995	  0.164 	  -55.35 	 
0.961399995	  0.160 	  -59.31 	 
0.963599995	  0.156 	  -63.26 	 
0.965799995	  0.152 	  -67.25 	 
0.967999995	  0.148 	  -70.94 	 
0.970199995	  0.144 	  -74.48 	 
0.972399995	  0.140 	  -77.57 	 
0.974599995	  0.137 	  -80.29 	 
0.976799995	  0.135 	  -82.45 	 
0.978999995	  0.133 	  -84.14 	 
0.981199995	  0.131 	  -85.11 	 
0.983399995	  0.131 	  -85.54 	 
0.985599995	  0.130 	  -85.33 	 
0.987799995	  0.131 	  -84.54 	 
0.989999995	  0.131 	  -83.07 	 
0.992199995	  0.132 	  -81.05 	 
0.994399995	  0.134 	  -78.32 	 
0.996599995	  0.136 	  -75.21 	 
0.998799995	  0.138 	  -71.61 	 
1.000999995	  0.141 	  -67.78 	 
1.003199995	  0.144 	  -63.81 	 
1.005399995	  0.147 	  -59.79 	 
1.007599995	  0.152 	  -55.85 	 
1.009799995	  0.155 	  -52.08 	 
1.011999995	  0.159 	  -48.56 	 
1.014199995	  0.163 	  -45.42 	 
1.016399994	  0.166 	  -42.72 	 
1.018599994	  0.170 	  -40.58 	 
1.020799994	  0.172 	  -39.02 	 
1.022999994	  0.175 	  -38.03 	 
1.025199994	  0.175 	  -37.77 	 
1.027399994	  0.176 	  -38.04 	 
1.029599994	  0.176 	  -38.89 	 
1.031799994	  0.175 	  -40.49 	 
1.033999994	  0.174 	  -42.58 	 
1.036199994	  0.172 	  -45.32 	 
1.038399994	  0.169 	  -48.47 	 
1.040599994	  0.167 	  -52.04 	 
1.042799994	  0.163 	  -55.83 	 
1.044999994	  0.159 	  -59.82 	 
1.047199994	  0.155 	  -63.79 	 
1.049399994	  0.151 	  -67.71 	 
1.051599994	  0.147 	  -71.42 	 
1.053799994	  0.144 	  -74.90 	 
1.055999994	  0.140 	  -77.93 	 
1.058199994	  0.137 	  -80.62 	 
1.060399994	  0.135 	  -82.70 	 
1.062599994	  0.133 	  -84.27 	 
1.064799994	  0.131 	  -85.22 	 
1.066999994	  0.131 	  -85.52 	 
1.069199994	  0.130 	  -85.23 	 
1.071399994	  0.131 	  -84.34 	 
1.073599994	  0.131 	  -82.79 	 
1.075799994	  0.133 	  -80.57 	 
1.077999994	  0.134 	  -77.89 	 
1.080199994	  0.136 	  -74.70 	 
1.082399994	  0.139 	  -71.20 	 
1.084599994	  0.141 	  -67.33 	 
1.086799994	  0.145 	  -63.33 	 
1.088999994	  0.149 	  -59.33 	 
1.091199994	  0.152 	  -55.37 	 
1.093399994	  0.155 	  -51.62 	 
1.095599994	  0.160 	  -48.14 	 
1.097799994	  0.164 	  -45.06 	 
1.099999994	  0.167 	  -42.40 	 
1.102199994	  0.170 	  -40.33 	 
1.104399994	  0.173 	  -38.90 	 
1.106599994	  0.174 	  -37.98 	 
1.108799994	  0.176 	  -37.70 	 
1.110999994	  0.176 	  -38.10 	 
1.113199994	  0.175 	  -39.07 	 
1.115399994	  0.175 	  -40.64 	 
1.117599994	  0.173 	  -42.94 	 
1.119799994	  0.171 	  -45.67 	 
1.121999994	  0.168 	  -48.95 	 
1.124199994	  0.166 	  -52.50 	 
1.126399994	  0.162 	  -56.35 	 
1.128599994	  0.159 	  -60.23 	 
1.130799994	  0.155 	  -64.22 	 
1.132999994	  0.151 	  -68.12 	 
1.135199994	  0.147 	  -71.78 	 
1.137399994	  0.143 	  -75.24 	 
1.139599994	  0.139 	  -78.28 	 
1.141799994	  0.138 	  -80.83 	 
1.143999994	  0.134 	  -82.90 	 
1.146199994	  0.132 	  -84.38 	 
1.148399994	  0.132 	  -85.20 	 
1.150599994	  0.130 	  -85.39 	 
1.152799994	  0.130 	  -85.08 	 
1.154999994	  0.132 	  -84.13 	 
1.157199994	  0.132 	  -82.54 	 
1.159399994	  0.133 	  -80.34 	 
1.161599994	  0.135 	  -77.53 	 
1.163799994	  0.137 	  -74.37 	 
1.165999994	  0.139 	  -70.73 	 
1.168199994	  0.142 	  -66.80 	 
1.170399994	  0.145 	  -62.81 	 
1.172599994	  0.149 	  -58.78 	 
1.174799994	  0.152 	  -54.84 	 
1.176999994	  0.156 	  -51.18 	 
1.179199994	  0.160 	  -47.71 	 
1.181399994	  0.164 	  -44.69 	 
1.183599994	  0.167 	  -42.15 	 
1.185799994	  0.170 	  -40.12 	 
1.187999994	  0.173 	  -38.66 	 
1.190199994	  0.175 	  -37.87 	 
1.192399994	  0.175 	  -37.73 	 
1.194599994	  0.176 	  -38.15 	 
1.196799994	  0.176 	  -39.15 	 
1.198999994	  0.175 	  -40.88 	 
1.201199993	  0.173 	  -43.16 	 
1.203399993	  0.171 	  -46.04 	 
1.205599993	  0.168 	  -49.31 	 
1.207799993	  0.166 	  -52.91 	 
1.209999993	  0.162 	  -56.73 	 
1.212199993	  0.158 	  -60.71 	 
1.214399993	  0.154 	  -64.68 	 
1.216599993	  0.151 	  -68.55 	 
1.218799993	  0.146 	  -72.25 	 
1.220999993	  0.143 	  -75.64 	 
1.223199993	  0.140 	  -78.58 	 
1.225399993	  0.137 	  -81.15 	 
1.227599993	  0.135 	  -83.09 	 
1.229799993	  0.132 	  -84.54 	 
1.231999993	  0.131 	  -85.30 	 
1.234199993	  0.131 	  -85.47 	 
1.236399993	  0.131 	  -85.05 	 
1.238599993	  0.130 	  -84.03 	 
1.240799993	  0.132 	  -82.33 	 
1.242999993	  0.133 	  -80.00 	 
1.245199993	  0.134 	  -77.17 	 
1.247399993	  0.136 	  -73.81 	 
1.249599993	  0.139 	  -70.23 	 
1.251799993	  0.142 	  -66.33 	 
1.253999993	  0.146 	  -62.29 	 
1.256199993	  0.149 	  -58.34 	 
1.258399993	  0.153 	  -54.44 	 
1.260599993	  0.158 	  -50.76 	 
1.262799993	  0.161 	  -47.35 	 
1.264999993	  0.164 	  -44.43 	 
1.267199993	  0.168 	  -41.89 	 
1.269399993	  0.171 	  -39.92 	 
1.271599993	  0.173 	  -38.60 	 
1.273799993	  0.175 	  -37.84 	 
1.275999993	  0.175 	  -37.74 	 
1.278199993	  0.176 	  -38.27 	 
1.280399993	  0.176 	  -39.39 	 
1.282599993	  0.175 	  -41.14 	 
1.284799993	  0.174 	  -43.57 	 
1.286999993	  0.171 	  -46.41 	 
1.289199993	  0.168 	  -49.78 	 
1.291399993	  0.165 	  -53.40 	 
1.293599993	  0.161 	  -57.28 	 
1.295799993	  0.158 	  -61.22 	 
1.297999993	  0.154 	  -65.19 	 
1.300199993	  0.149 	  -69.06 	 
1.302399993	  0.146 	  -72.68 	 
1.304599993	  0.143 	  -76.03 	 
1.306799993	  0.139 	  -78.97 	 
1.308999993	  0.136 	  -81.40 	 
1.311199993	  0.134 	  -83.33 	 
1.313399993	  0.132 	  -84.67 	 
1.315599993	  0.131 	  -85.34 	 
1.317799993	  0.130 	  -85.44 	 
1.319999993	  0.130 	  -84.93 	 
1.322199993	  0.131 	  -83.80 	 
1.324399993	  0.131 	  -82.03 	 
1.326599993	  0.133 	  -79.68 	 
1.328799993	  0.135 	  -76.77 	 
1.330999993	  0.137 	  -73.47 	 
1.333199993	  0.139 	  -69.79 	 
1.335399993	  0.142 	  -65.86 	 
1.337599993	  0.146 	  -61.87 	 
1.339799993	  0.150 	  -57.82 	 
1.341999993	  0.153 	  -53.93 	 
1.344199993	  0.158 	  -50.33 	 
1.346399993	  0.162 	  -46.97 	 
1.348599993	  0.165 	  -44.01 	 
1.350799993	  0.168 	  -41.63 	 
1.352999993	  0.171 	  -39.76 	 
1.355199993	  0.173 	  -38.42 	 
1.357399993	  0.175 	  -37.84 	 
1.359599993	  0.176 	  -37.77 	 
1.361799993	  0.175 	  -38.35 	 
1.363999993	  0.175 	  -39.57 	 
1.366199993	  0.175 	  -41.42 	 
1.368399993	  0.173 	  -43.77 	 
1.370599993	  0.171 	  -46.73 	 
1.372799993	  0.168 	  -50.13 	 
1.374999993	  0.164 	  -53.81 	 
1.377199993	  0.161 	  -57.72 	 
1.379399993	  0.158 	  -61.76 	 
1.381599993	  0.154 	  -65.67 	 
1.383799993	  0.149 	  -69.53 	 
1.385999992	  0.146 	  -73.08 	 
1.388199992	  0.142 	  -76.37 	 
1.390399992	  0.139 	  -79.22 	 
1.392599992	  0.135 	  -81.69 	 
1.394799992	  0.134 	  -83.46 	 
1.396999992	  0.132 	  -84.78 	 
1.399199992	  0.131 	  -85.39 	 
1.401399992	  0.130 	  -85.38 	 
1.403599992	  0.131 	  -84.81 	 
1.405799992	  0.131 	  -83.62 	 
1.407999992	  0.131 	  -81.75 	 
1.410199992	  0.133 	  -79.36 	 
1.412399992	  0.135 	  -76.43 	 
1.414599992	  0.137 	  -73.06 	 
1.416799992	  0.140 	  -69.31 	 
1.418999992	  0.143 	  -65.35 	 
1.421199992	  0.146 	  -61.36 	 
1.423399992	  0.150 	  -57.32 	 
1.425599992	  0.154 	  -53.50 	 
1.427799992	  0.158 	  -49.86 	 
1.429999992	  0.161 	  -46.57 	 
1.432199992	  0.165 	  -43.71 	 
1.434399992	  0.169 	  -41.27 	 
1.436599992	  0.171 	  -39.54 	 
1.438799992	  0.174 	  -38.30 	 
1.440999992	  0.175 	  -37.74 	 
1.443199992	  0.176 	  -37.81 	 
1.445399992	  0.175 	  -38.45 	 
1.447599992	  0.176 	  -39.72 	 
1.449799992	  0.174 	  -41.68 	 
1.451999992	  0.172 	  -44.19 	 
1.454199992	  0.170 	  -47.20 	 
1.456399992	  0.168 	  -50.57 	 
1.458599992	  0.164 	  -54.28 	 
1.460799992	  0.161 	  -58.19 	 
1.462999992	  0.157 	  -62.13 	 
1.465199992	  0.153 	  -66.11 	 
1.467399992	  0.149 	  -69.92 	 
1.469599992	  0.145 	  -73.51 	 
1.471799992	  0.142 	  -76.76 	 
1.473999992	  0.138 	  -79.54 	 
1.476199992	  0.136 	  -81.88 	 
1.478399992	  0.134 	  -83.66 	 
1.480599992	  0.132 	  -84.87 	 
1.482799992	  0.131 	  -85.37 	 
1.484999992	  0.130 	  -85.34 	 
1.487199992	  0.130 	  -84.71 	 
1.489399992	  0.131 	  -83.42 	 
1.491599992	  0.132 	  -81.51 	 
1.493799992	  0.133 	  -78.96 	 
1.495999992	  0.135 	  -75.98 	 
1.498199992	  0.137 	  -72.56 	 
1.500399992	  0.140 	  -68.85 	 
1.502599992	  0.143 	  -64.89 	 
1.504799992	  0.147 	  -60.87 	 
1.506999992	  0.150 	  -56.90 	 
1.509199992	  0.154 	  -53.03 	 
1.511399992	  0.158 	  -49.44 	 
1.513599992	  0.162 	  -46.19 	 
1.515799992	  0.166 	  -43.39 	 
1.517999992	  0.169 	  -41.10 	 
1.520199992	  0.172 	  -39.34 	 
1.522399992	  0.173 	  -38.22 	 
1.524599992	  0.175 	  -37.77 	 
1.526799992	  0.176 	  -37.86 	 
1.528999992	  0.175 	  -38.59 	 
1.531199992	  0.175 	  -39.96 	 
1.533399992	  0.173 	  -41.93 	 
1.535599992	  0.172 	  -44.50 	 
1.537799992	  0.170 	  -47.57 	 
1.539999992	  0.166 	  -51.04 	 
1.542199992	  0.164 	  -54.74 	 
1.544399992	  0.160 	  -58.71 	 
1.546599992	  0.156 	  -62.68 	 
1.548799992	  0.152 	  -66.62 	 
1.550999992	  0.148 	  -70.40 	 
1.553199992	  0.144 	  -73.95 	 
1.555399992	  0.141 	  -77.09 	 
1.557599992	  0.138 	  -79.87 	 
1.559799992	  0.136 	  -82.10 	 
1.561999992	  0.133 	  -83.82 	 
1.564199992	  0.132 	  -84.97 	 
1.566399992	  0.130 	  -85.42 	 
1.568599992	  0.130 	  -85.28 	 
1.570799991	  0.130 	  -84.56 	 
1.572999991	  0.131 	  -83.21 	 
1.575199991	  0.132 	  -81.15 	 
1.577399991	  0.133 	  -78.62 	 
1.579599991	  0.135 	  -75.50 	 
1.581799991	  0.138 	  -72.13 	 
1.583999991	  0.141 	  -68.34 	 
1.586199991	  0.143 	  -64.40 	 
1.588399991	  0.147 	  -60.36 	 
1.590599991	  0.151 	  -56.35 	 
1.592799991	  0.155 	  -52.59 	 
1.594999991	  0.159 	  -49.03 	 
1.597199991	  0.162 	  -45.81 	 
1.599399991	  0.166 	  -43.07 	 
1.601599991	  0.169 	  -40.86 	 
1.603799991	  0.172 	  -39.19 	 
1.605999991	  0.174 	  -38.12 	 
1.608199991	  0.175 	  -37.71 	 
1.610399991	  0.175 	  -37.96 	 
1.612599991	  0.176 	  -38.73 	 
1.614799991	  0.174 	  -40.09 	 
1.616999991	  0.174 	  -42.18 	 
1.619199991	  0.172 	  -44.76 	 
1.621399991	  0.169 	  -47.97 	 
1.623599991	  0.167 	  -51.42 	 
1.625799991	  0.164 	  -55.28 	 
1.627999991	  0.160 	  -59.13 	 
1.630199991	  0.155 	  -63.15 	 
1.632399991	  0.152 	  -67.05 	 
1.634599991	  0.148 	  -70.77 	 
1.636799991	  0.144 	  -74.26 	 
1.638999991	  0.141 	  -77.42 	 
1.641199991	  0.138 	  -80.10 	 
1.643399991	  0.135 	  -82.35 	 
1.645599991	  0.133 	  -83.97 	 
1.647799991	  0.132 	  -85.04 	 
1.649999991	  0.130 	  -85.40 	 
1.652199991	  0.130 	  -85.23 	 
1.654399991	  0.131 	  -84.41 	 
1.656599991	  0.131 	  -83.03 	 
1.658799991	  0.132 	  -80.96 	 
1.660999991	  0.134 	  -78.39 	 
1.663199991	  0.135 	  -75.20 	 
1.665399991	  0.138 	  -71.67 	 
1.667599991	  0.141 	  -67.85 	 
1.669799991	  0.144 	  -63.85 	 
1.671999991	  0.148 	  -59.87 	 
1.674199991	  0.152 	  -55.89 	 
1.676399991	  0.155 	  -52.12 	 
1.678599991	  0.159 	  -48.62 	 
1.680799991	  0.163 	  -45.48 	 
1.682999991	  0.167 	  -42.79 	 
1.685199991	  0.170 	  -40.64 	 
1.687399991	  0.173 	  -38.99 	 
1.689599991	  0.174 	  -38.06 	 
1.691799991	  0.175 	  -37.71 	 
1.693999991	  0.176 	  -37.94 	 
1.696199991	  0.175 	  -38.82 	 
1.698399991	  0.175 	  -40.33 	 
1.700599991	  0.173 	  -42.44 	 
1.702799991	  0.172 	  -45.13 	 
1.704999991	  0.169 	  -48.33 	 
1.707199991	  0.166 	  -51.84 	 
1.709399991	  0.163 	  -55.62 	 
1.711599991	  0.159 	  -59.64 	 
1.713799991	  0.155 	  -63.56 	 
1.715999991	  0.151 	  -67.51 	 
1.718199991	  0.147 	  -71.23 	 
1.720399991	  0.144 	  -74.70 	 
1.722599991	  0.140 	  -77.76 	 
1.724799991	  0.137 	  -80.44 	 
1.726999991	  0.135 	  -82.59 	 
1.729199991	  0.133 	  -84.15 	 
1.731399991	  0.131 	  -85.11 	 
1.733599991	  0.130 	  -85.42 	 
1.735799991	  0.130 	  -85.13 	 
1.737999991	  0.130 	  -84.27 	 
1.740199991	  0.131 	  -82.79 	 
1.742399991	  0.132 	  -80.64 	 
1.744599991	  0.134 	  -77.98 	 
1.746799991	  0.135 	  -74.83 	 
1.748999991	  0.138 	  -71.27 	 
1.751199991	  0.141 	  -67.44 	 
1.753399990	  0.145 	  -63.43 	 
1.755599990	  0.147 	  -59.36 	 
1.757799990	  0.151 	  -55.46 	 
1.759999990	  0.156 	  -51.71 	 
1.762199990	  0.160 	  -48.20 	 
1.764399990	  0.163 	  -45.13 	 
1.766599990	  0.166 	  -42.49 	 
1.768799990	  0.170 	  -40.40 	 
1.770999990	  0.172 	  -38.85 	 
1.773199990	  0.174 	  -37.98 	 
1.775399990	  0.176 	  -37.70 	 
1.777599990	  0.176 	  -38.06 	 
1.779799990	  0.176 	  -38.99 	 
1.781999990	  0.174 	  -40.56 	 
1.784199990	  0.173 	  -42.79 	 
1.786399990	  0.172 	  -45.51 	 
1.788599990	  0.168 	  -48.72 	 
1.790799990	  0.166 	  -52.28 	 
1.792999990	  0.162 	  -56.14 	 
1.795199990	  0.159 	  -60.06 	 
1.797399990	  0.155 	  -64.09 	 
1.799599990	  0.150 	  -67.99 	 
1.801799990	  0.146 	  -71.73 	 
1.803999990	  0.143 	  -75.16 	 
1.806199990	  0.139 	  -78.18 	 
1.808399990	  0.137 	  -80.76 	 
1.810599990	  0.134 	  -82.85 	 
1.812799990	  0.132 	  -84.38 	 
1.814999990	  0.131 	  -85.19 	 
1.817199990	  0.131 	  -85.48 	 
1.819399990	  0.130 	  -85.12 	 
1.821599990	  0.130 	  -84.19 	 
1.823799990	  0.131 	  -82.67 	 
1.825999990	  0.132 	  -80.45 	 
1.828199990	  0.133 	  -77.72 	 
1.830399990	  0.136 	  -74.43 	 
1.832599990	  0.138 	  -70.84 	 
1.834799990	  0.141 	  -66.94 	 
1.836999990	  0.144 	  -62.93 	 
1.839199990	  0.149 	  -58.92 	 
1.841399990	  0.152 	  -54.99 	 
1.843599990	  0.156 	  -51.28 	 
1.845799990	  0.160 	  -47.85 	 
1.847999990	  0.164 	  -44.77 	 
1.850199990	  0.167 	  -42.22 	 
1.852399990	  0.170 	  -40.19 	 
1.854599990	  0.172 	  -38.67 	 
1.856799990	  0.175 	  -37.90 	 
1.858999990	  0.176 	  -37.73 	 
1.861199990	  0.176 	  -38.13 	 
1.863399990	  0.176 	  -39.11 	 
1.865599990	  0.175 	  -40.86 	 
1.867799990	  0.173 	  -43.12 	 
1.869999990	  0.171 	  -45.95 	 
1.872199990	  0.168 	  -49.22 	 
1.874399990	  0.165 	  -52.80 	 
1.876599990	  0.162 	  -56.64 	 
1.878799990	  0.158 	  -60.60 	 
1.880999990	  0.154 	  -64.56 	 
1.883199990	  0.150 	  -68.41 	 
1.885399990	  0.146 	  -72.20 	 
1.887599990	  0.143 	  -75.53 	 
1.889799990	  0.140 	  -78.53 	 
1.891999990	  0.137 	  -81.08 	 
1.894199990	  0.134 	  -83.03 	 
1.896399990	  0.132 	  -84.48 	 
1.898599990	  0.130 	  -85.28 	 
1.900799990	  0.130 	  -85.48 	 
1.902999990	  0.130 	  -85.02 	 
1.905199990	  0.131 	  -84.02 	 
1.907399990	  0.131 	  -82.36 	 
1.909599990	  0.132 	  -80.06 	 
1.911799990	  0.134 	  -77.33 	 
1.913999990	  0.136 	  -73.99 	 
1.916199990	  0.139 	  -70.34 	 
1.918399990	  0.142 	  -66.44 	 
1.920599990	  0.145 	  -62.42 	 
1.922799990	  0.148 	  -58.38 	 
1.924999990	  0.153 	  -54.54 	 
1.927199990	  0.156 	  -50.79 	 
1.929399990	  0.161 	  -47.42 	 
1.931599990	  0.164 	  -44.48 	 
1.933799990	  0.168 	  -41.91 	 
1.935999990	  0.171 	  -39.94 	 
1.938199989	  0.172 	  -38.59 	 
1.940399989	  0.175 	  -37.87 	 
1.942599989	  0.175 	  -37.73 	 
1.944799989	  0.176 	  -38.21 	 
1.946999989	  0.175 	  -39.33 	 
1.949199989	  0.174 	  -41.04 	 
1.951399989	  0.173 	  -43.42 	 
1.953599989	  0.171 	  -46.25 	 
1.955799989	  0.168 	  -49.52 	 
1.957999989	  0.165 	  -53.22 	 
1.960199989	  0.161 	  -57.08 	 
1.962399989	  0.158 	  -61.09 	 
1.964599989	  0.154 	  -65.06 	 
1.966799989	  0.150 	  -68.96 	 
1.968999989	  0.146 	  -72.55 	 
1.971199989	  0.143 	  -75.92 	 
1.973399989	  0.139 	  -78.83 	 
1.975599989	  0.136 	  -81.29 	 
1.977799989	  0.134 	  -83.25 	 
1.979999989	  0.132 	  -84.64 	 
1.982199989	  0.131 	  -85.30 	 
1.984399989	  0.130 	  -85.45 	 
1.986599989	  0.130 	  -84.94 	 
1.988799989	  0.131 	  -83.85 	 
1.990999989	  0.131 	  -82.13 	 
1.993199989	  0.132 	  -79.81 	 
1.995399989	  0.134 	  -76.89 	 
1.997599989	  0.136 	  -73.63 	 
1.999799989	  0.139 	  -69.88 	 
2.001999989	  0.142 	  -65.97 	 
2.004199989	  0.145 	  -61.99 	 
2.006399989	  0.149 	  -57.94 	 
2.008599989	  0.154 	  -54.08 	 
2.010799989	  0.157 	  -50.43 	 
2.012999989	  0.161 	  -47.07 	 
2.015199989	  0.165 	  -44.11 	 
2.017399989	  0.168 	  -41.66 	 
2.019599989	  0.171 	  -39.80 	 
2.021799989	  0.174 	  -38.47 	 
2.023999989	  0.175 	  -37.81 	 
2.026199989	  0.175 	  -37.80 	 
2.028399989	  0.175 	  -38.33 	 
2.030599989	  0.175 	  -39.50 	 
2.032799989	  0.174 	  -41.40 	 
2.034999989	  0.172 	  -43.73 	 
2.037199989	  0.170 	  -46.77 	 
2.039399989	  0.168 	  -50.04 	 
2.041599989	  0.164 	  -53.74 	 
2.043799989	  0.160 	  -57.64 	 
2.045999989	  0.158 	  -61.60 	 
2.048199989	  0.153 	  -65.56 	 
2.050399989	  0.149 	  -69.42 	 
2.052599989	  0.146 	  -73.03 	 
2.054799989	  0.142 	  -76.33 	 
2.056999989	  0.139 	  -79.21 	 
2.059199989	  0.136 	  -81.64 	 
2.061399989	  0.134 	  -83.44 	 
2.063599989	  0.132 	  -84.79 	 
2.065799989	  0.131 	  -85.44 	 
2.067999989	  0.130 	  -85.48 	 
2.070199989	  0.130 	  -84.92 	 
2.072399989	  0.130 	  -83.77 	 
2.074599989	  0.132 	  -81.86 	 
2.076799989	  0.133 	  -79.45 	 
2.078999989	  0.134 	  -76.46 	 
2.081199989	  0.137 	  -73.03 	 
2.083399989	  0.139 	  -69.42 	 
2.085599989	  0.143 	  -65.50 	 
2.087799989	  0.146 	  -61.48 	 
2.089999989	  0.150 	  -57.52 	 
2.092199989	  0.153 	  -53.65 	 
2.094399989	  0.158 	  -49.96 	 
2.096599989	  0.161 	  -46.70 	 
2.098799989	  0.165 	  -43.82 	 
2.100999989	  0.168 	  -41.42 	 
2.103199989	  0.172 	  -39.55 	 
2.105399989	  0.173 	  -38.43 	 
2.107599989	  0.175 	  -37.79 	 
2.109799989	  0.176 	  -37.81 	 
2.111999989	  0.175 	  -38.49 	 
2.114199989	  0.175 	  -39.68 	 
2.116399989	  0.174 	  -41.58 	 
2.118599989	  0.172 	  -44.13 	 
2.120799989	  0.170 	  -47.08 	 
2.122999988	  0.167 	  -50.52 	 
2.125199988	  0.164 	  -54.23 	 
2.127399988	  0.160 	  -58.09 	 
2.129599988	  0.157 	  -62.09 	 
2.131799988	  0.153 	  -66.02 	 
2.133999988	  0.149 	  -69.82 	 
2.136199988	  0.145 	  -73.40 	 
2.138399988	  0.142 	  -76.67 	 
2.140599988	  0.138 	  -79.52 	 
2.142799988	  0.135 	  -81.85 	 
2.144999988	  0.133 	  -83.68 	 
2.147199988	  0.132 	  -84.84 	 
2.149399988	  0.131 	  -85.41 	 
2.151599988	  0.130 	  -85.37 	 
2.153799988	  0.130 	  -84.70 	 
2.155999988	  0.130 	  -83.46 	 
2.158199988	  0.131 	  -81.55 	 
2.160399988	  0.133 	  -79.12 	 
2.162599988	  0.135 	  -76.07 	 
2.164799988	  0.137 	  -72.76 	 
2.166999988	  0.140 	  -68.98 	 
2.169199988	  0.143 	  -65.00 	 
2.171399988	  0.146 	  -61.02 	 
2.173599988	  0.150 	  -56.96 	 
2.175799988	  0.154 	  -53.10 	 
2.177999988	  0.158 	  -49.58 	 
2.180199988	  0.162 	  -46.32 	 
2.182399988	  0.166 	  -43.47 	 
2.184599988	  0.169 	  -41.21 	 
2.186799988	  0.172 	  -39.40 	 
2.188999988	  0.173 	  -38.26 	 
2.191199988	  0.175 	  -37.73 	 
2.193399988	  0.176 	  -37.90 	 
2.195599988	  0.175 	  -38.55 	 
2.197799988	  0.175 	  -39.89 	 
2.199999988	  0.174 	  -41.91 	 
2.202199988	  0.172 	  -44.41 	 
2.204399988	  0.169 	  -47.54 	 
2.206599988	  0.167 	  -50.96 	 
2.208799988	  0.164 	  -54.73 	 
2.210999988	  0.159 	  -58.63 	 
2.213199988	  0.156 	  -62.58 	 
2.215399988	  0.152 	  -66.48 	 
2.217599988	  0.148 	  -70.28 	 
2.219799988	  0.144 	  -73.83 	 
2.221999988	  0.141 	  -77.04 	 
2.224199988	  0.138 	  -79.85 	 
2.226399988	  0.135 	  -82.09 	 
2.228599988	  0.133 	  -83.84 	 
2.230799988	  0.131 	  -85.00 	 
2.232999988	  0.130 	  -85.51 	 
2.235199988	  0.130 	  -85.34 	 
2.237399988	  0.130 	  -84.66 	 
2.239599988	  0.131 	  -83.35 	 
2.241799988	  0.131 	  -81.34 	 
2.243999988	  0.133 	  -78.81 	 
2.246199988	  0.135 	  -75.74 	 
2.248399988	  0.137 	  -72.22 	 
2.250599988	  0.140 	  -68.47 	 
