0.000000000	  0.126 	  -84.37 	 
0.000400000	  0.126 	  -82.96 	 
0.000800000	  0.127 	  -81.21 	 
0.001200000	  0.128 	  -79.06 	 
0.001600000	  0.130 	  -75.98 	 
0.002000000	  0.132 	  -72.24 	 
0.002400000	  0.134 	  -68.60 	 
0.002800000	  0.136 	  -64.95 	 
0.003200000	  0.139 	  -60.95 	 
0.003600000	  0.143 	  -56.53 	 
0.004000000	  0.147 	  -52.10 	 
0.004400000	  0.150 	  -48.15 	 
0.004800000	  0.155 	  -44.87 	 
0.005200000	  0.158 	  -42.16 	 
0.005600000	  0.161 	  -40.05 	 
0.006000000	  0.164 	  -38.54 	 
0.006400000	  0.165 	  -37.76 	 
0.006800000	  0.166 	  -37.95 	 
0.007200000	  0.166 	  -39.26 	 
0.007600000	  0.164 	  -41.20 	 
0.008000000	  0.164 	  -43.25 	 
0.008400000	  0.162 	  -45.63 	 
0.008800000	  0.160 	  -48.69 	 
0.009200000	  0.157 	  -52.43 	 
0.009600000	  0.155 	  -56.38 	 
0.010000000	  0.152 	  -60.36 	 
0.010400000	  0.149 	  -64.41 	 
0.010800000	  0.145 	  -68.53 	 
0.011200000	  0.142 	  -72.66 	 
0.011600000	  0.138 	  -76.52 	 
0.012000000	  0.134 	  -79.79 	 
0.012400000	  0.131 	  -82.22 	 
0.012800000	  0.129 	  -83.93 	 
0.013200000	  0.127 	  -85.05 	 
0.013600000	  0.126 	  -85.59 	 
0.014000000	  0.125 	  -85.20 	 
0.014400000	  0.126 	  -84.01 	 
0.014800000	  0.126 	  -82.40 	 
0.015200000	  0.128 	  -80.60 	 
0.015600000	  0.128 	  -78.41 	 
0.016000000	  0.130 	  -74.96 	 
0.016400000	  0.133 	  -71.08 	 
0.016800000	  0.135 	  -67.40 	 
0.017200000	  0.138 	  -63.77 	 
0.017600000	  0.141 	  -59.76 	 
0.018000000	  0.143 	  -55.35 	 
0.018400000	  0.148 	  -50.97 	 
0.018800000	  0.152 	  -47.13 	 
0.019200000	  0.156 	  -43.98 	 
0.019600000	  0.159 	  -41.54 	 
0.019999999	  0.162 	  -39.65 	 
0.020399999	  0.164 	  -38.33 	 
0.020799999	  0.166 	  -37.79 	 
0.021199999	  0.166 	  -38.25 	 
0.021599999	  0.166 	  -39.79 	 
0.021999999	  0.165 	  -41.76 	 
0.022399999	  0.164 	  -43.93 	 
0.022799999	  0.161 	  -46.45 	 
0.023199999	  0.159 	  -49.69 	 
0.023599999	  0.157 	  -53.53 	 
0.023999999	  0.155 	  -57.53 	 
0.024399999	  0.152 	  -61.55 	 
0.024799999	  0.148 	  -65.68 	 
0.025199999	  0.144 	  -69.83 	 
0.025599999	  0.140 	  -73.85 	 
0.025999999	  0.137 	  -77.50 	 
0.026399999	  0.134 	  -80.56 	 
0.026799999	  0.130 	  -82.85 	 
0.027199999	  0.128 	  -84.39 	 
0.027599999	  0.127 	  -85.31 	 
0.027999999	  0.125 	  -85.50 	 
0.028399999	  0.126 	  -84.84 	 
0.028799999	  0.126 	  -83.59 	 
0.029199999	  0.126 	  -81.98 	 
0.029599999	  0.128 	  -80.05 	 
0.029999999	  0.129 	  -77.42 	 
0.030399999	  0.131 	  -73.77 	 
0.030799999	  0.133 	  -69.99 	 
0.031199999	  0.135 	  -66.51 	 
0.031599999	  0.138 	  -62.77 	 
0.031999999	  0.141 	  -58.46 	 
0.032399999	  0.145 	  -53.97 	 
0.032799999	  0.149 	  -49.78 	 
0.033199999	  0.153 	  -46.21 	 
0.033599999	  0.157 	  -43.31 	 
0.033999999	  0.159 	  -40.95 	 
0.034399999	  0.163 	  -39.16 	 
0.034799999	  0.164 	  -37.97 	 
0.035199999	  0.166 	  -37.72 	 
0.035599999	  0.166 	  -38.60 	 
0.035999999	  0.165 	  -40.36 	 
0.036399999	  0.164 	  -42.39 	 
0.036799999	  0.163 	  -44.59 	 
0.037199999	  0.161 	  -47.24 	 
0.037599999	  0.159 	  -50.68 	 
0.037999999	  0.157 	  -54.63 	 
0.038399999	  0.153 	  -58.66 	 
0.038799999	  0.150 	  -62.69 	 
0.039199999	  0.146 	  -66.81 	 
0.039599999	  0.143 	  -70.93 	 
0.039999999	  0.139 	  -74.89 	 
0.040399999	  0.136 	  -78.45 	 
0.040799999	  0.132 	  -81.34 	 
0.041199999	  0.129 	  -83.35 	 
0.041599999	  0.128 	  -84.64 	 
0.041999999	  0.126 	  -85.42 	 
0.042399999	  0.125 	  -85.37 	 
0.042799999	  0.125 	  -84.54 	 
0.043199999	  0.126 	  -83.13 	 
0.043599999	  0.126 	  -81.38 	 
0.043999999	  0.128 	  -79.42 	 
0.044399999	  0.130 	  -76.52 	 
0.044799999	  0.131 	  -72.68 	 
0.045199999	  0.134 	  -68.88 	 
0.045599999	  0.136 	  -65.32 	 
0.045999999	  0.139 	  -61.52 	 
0.046399999	  0.143 	  -57.22 	 
0.046799999	  0.146 	  -52.74 	 
0.047199999	  0.151 	  -48.63 	 
0.047599999	  0.154 	  -45.22 	 
0.047999999	  0.158 	  -42.48 	 
0.048399999	  0.161 	  -40.34 	 
0.048799999	  0.163 	  -38.70 	 
0.049199999	  0.166 	  -37.72 	 
0.049599999	  0.167 	  -37.75 	 
0.049999999	  0.166 	  -38.95 	 
0.050399999	  0.165 	  -40.86 	 
0.050799999	  0.164 	  -42.92 	 
0.051199999	  0.162 	  -45.14 	 
0.051599999	  0.160 	  -48.11 	 
0.051999999	  0.159 	  -51.77 	 
0.052399999	  0.156 	  -55.78 	 
0.052799999	  0.153 	  -59.77 	 
0.053199999	  0.150 	  -63.78 	 
0.053599999	  0.145 	  -67.95 	 
0.053999999	  0.142 	  -72.12 	 
0.054399999	  0.139 	  -75.97 	 
0.054799999	  0.134 	  -79.31 	 
0.055199999	  0.131 	  -81.91 	 
0.055599999	  0.129 	  -83.73 	 
0.055999999	  0.127 	  -84.93 	 
0.056399999	  0.126 	  -85.52 	 
0.056799999	  0.125 	  -85.19 	 
0.057199999	  0.126 	  -84.16 	 
0.057599999	  0.126 	  -82.63 	 
0.057999999	  0.128 	  -80.85 	 
0.058399999	  0.128 	  -78.68 	 
0.058799999	  0.130 	  -75.42 	 
0.059199999	  0.132 	  -71.69 	 
0.059599998	  0.135 	  -67.88 	 
0.059999998	  0.137 	  -64.19 	 
0.060399998	  0.140 	  -60.25 	 
0.060799998	  0.143 	  -55.92 	 
0.061199998	  0.147 	  -51.57 	 
0.061599998	  0.151 	  -47.66 	 
0.061999998	  0.155 	  -44.40 	 
0.062399998	  0.159 	  -41.78 	 
0.062799998	  0.162 	  -39.76 	 
0.063199998	  0.164 	  -38.36 	 
0.063599998	  0.166 	  -37.76 	 
0.063999998	  0.166 	  -38.06 	 
0.064399998	  0.166 	  -39.41 	 
0.064799998	  0.165 	  -41.40 	 
0.065199998	  0.164 	  -43.56 	 
0.065599998	  0.162 	  -46.03 	 
0.065999998	  0.160 	  -49.14 	 
0.066399998	  0.158 	  -52.89 	 
0.066799998	  0.155 	  -56.91 	 
0.067199998	  0.151 	  -60.91 	 
0.067599998	  0.149 	  -64.94 	 
0.067999998	  0.145 	  -69.11 	 
0.068399998	  0.141 	  -73.24 	 
0.068799998	  0.137 	  -77.06 	 
0.069199998	  0.134 	  -80.20 	 
0.069599998	  0.131 	  -82.52 	 
0.069999998	  0.128 	  -84.08 	 
0.070399998	  0.127 	  -85.12 	 
0.070799998	  0.126 	  -85.52 	 
0.071199998	  0.126 	  -84.99 	 
0.071599998	  0.126 	  -83.75 	 
0.071999998	  0.126 	  -82.10 	 
0.072399998	  0.128 	  -80.26 	 
0.072799998	  0.129 	  -77.87 	 
0.073199998	  0.130 	  -74.46 	 
0.073599998	  0.133 	  -70.62 	 
0.073999998	  0.136 	  -66.85 	 
0.074399998	  0.138 	  -63.15 	 
0.074799998	  0.140 	  -59.07 	 
0.075199998	  0.145 	  -54.69 	 
0.075599998	  0.148 	  -50.40 	 
0.075999998	  0.152 	  -46.65 	 
0.076399998	  0.157 	  -43.62 	 
0.076799998	  0.160 	  -41.19 	 
0.077199998	  0.162 	  -39.37 	 
0.077599998	  0.164 	  -38.21 	 
0.077999998	  0.166 	  -37.80 	 
0.078399998	  0.166 	  -38.41 	 
0.078799998	  0.166 	  -39.97 	 
0.079199998	  0.165 	  -42.02 	 
0.079599998	  0.163 	  -44.30 	 
0.079999998	  0.161 	  -46.98 	 
0.080399998	  0.159 	  -50.26 	 
0.080799998	  0.157 	  -54.01 	 
0.081199998	  0.153 	  -57.97 	 
0.081599998	  0.151 	  -62.04 	 
0.081999998	  0.147 	  -66.24 	 
0.082399998	  0.143 	  -70.48 	 
0.082799998	  0.140 	  -74.43 	 
0.083199998	  0.136 	  -77.90 	 
0.083599998	  0.132 	  -80.81 	 
0.083999998	  0.130 	  -83.06 	 
0.084399998	  0.128 	  -84.58 	 
0.084799998	  0.126 	  -85.37 	 
0.085199998	  0.125 	  -85.36 	 
0.085599998	  0.126 	  -84.62 	 
0.085999998	  0.126 	  -83.32 	 
0.086399998	  0.127 	  -81.68 	 
0.086799998	  0.128 	  -79.75 	 
0.087199998	  0.129 	  -76.99 	 
0.087599998	  0.131 	  -73.26 	 
0.087999998	  0.134 	  -69.46 	 
0.088399998	  0.135 	  -65.95 	 
0.088799998	  0.138 	  -62.21 	 
0.089199998	  0.142 	  -57.92 	 
0.089599998	  0.145 	  -53.37 	 
0.089999998	  0.150 	  -49.17 	 
0.090399998	  0.154 	  -45.70 	 
0.090799998	  0.157 	  -42.89 	 
0.091199998	  0.160 	  -40.62 	 
0.091599998	  0.163 	  -38.96 	 
0.091999998	  0.165 	  -37.98 	 
0.092399998	  0.166 	  -37.78 	 
0.092799998	  0.166 	  -38.71 	 
0.093199998	  0.166 	  -40.55 	 
0.093599998	  0.164 	  -42.66 	 
0.093999998	  0.162 	  -44.97 	 
0.094399998	  0.161 	  -47.79 	 
0.094799998	  0.158 	  -51.23 	 
0.095199998	  0.156 	  -55.16 	 
0.095599998	  0.153 	  -59.19 	 
0.095999998	  0.150 	  -63.27 	 
0.096399998	  0.146 	  -67.44 	 
0.096799998	  0.143 	  -71.55 	 
0.097199998	  0.138 	  -75.40 	 
0.097599998	  0.135 	  -78.84 	 
0.097999998	  0.132 	  -81.61 	 
0.098399998	  0.129 	  -83.57 	 
0.098799998	  0.127 	  -84.81 	 
0.099199997	  0.126 	  -85.42 	 
0.099599997	  0.125 	  -85.27 	 
0.099999997	  0.125 	  -84.36 	 
0.100399997	  0.127 	  -82.91 	 
0.100799997	  0.127 	  -81.16 	 
0.101199997	  0.128 	  -79.04 	 
0.101599997	  0.130 	  -76.01 	 
0.101999997	  0.131 	  -72.23 	 
0.102399997	  0.134 	  -68.36 	 
0.102799997	  0.137 	  -64.73 	 
0.103199997	  0.139 	  -60.88 	 
0.103599997	  0.143 	  -56.55 	 
0.103999997	  0.146 	  -52.12 	 
0.104399997	  0.151 	  -48.11 	 
0.104799997	  0.154 	  -44.78 	 
0.105199997	  0.158 	  -42.13 	 
0.105599997	  0.161 	  -40.04 	 
0.105999997	  0.163 	  -38.53 	 
0.106399997	  0.165 	  -37.70 	 
0.106799997	  0.166 	  -37.75 	 
0.107199997	  0.166 	  -39.07 	 
0.107599997	  0.165 	  -41.11 	 
0.107999997	  0.164 	  -43.31 	 
0.108399997	  0.162 	  -45.68 	 
0.108799997	  0.161 	  -48.63 	 
0.109199997	  0.158 	  -52.31 	 
0.109599997	  0.155 	  -56.34 	 
0.109999997	  0.153 	  -60.35 	 
0.110399997	  0.149 	  -64.40 	 
0.110799997	  0.145 	  -68.47 	 
0.111199997	  0.142 	  -72.58 	 
0.111599997	  0.138 	  -76.45 	 
0.111999997	  0.134 	  -79.77 	 
0.112399997	  0.131 	  -82.25 	 
0.112799997	  0.129 	  -83.94 	 
0.113199997	  0.126 	  -85.02 	 
0.113599997	  0.127 	  -85.49 	 
0.113999997	  0.126 	  -85.09 	 
0.114399997	  0.126 	  -84.01 	 
0.114799997	  0.126 	  -82.42 	 
0.115199997	  0.128 	  -80.59 	 
0.115599997	  0.129 	  -78.36 	 
0.115999997	  0.130 	  -74.91 	 
0.116399997	  0.132 	  -70.97 	 
0.116799997	  0.135 	  -67.36 	 
0.117199997	  0.137 	  -63.76 	 
0.117599997	  0.140 	  -59.70 	 
0.117999997	  0.144 	  -55.28 	 
0.118399997	  0.148 	  -50.85 	 
0.118799997	  0.152 	  -47.03 	 
0.119199997	  0.156 	  -43.97 	 
0.119599997	  0.160 	  -41.50 	 
0.119999997	  0.162 	  -39.62 	 
0.120399997	  0.164 	  -38.25 	 
0.120799997	  0.166 	  -37.70 	 
0.121199997	  0.166 	  -38.16 	 
0.121599997	  0.166 	  -39.72 	 
0.121999997	  0.165 	  -41.75 	 
0.122399997	  0.163 	  -43.91 	 
0.122799997	  0.161 	  -46.40 	 
0.123199997	  0.160 	  -49.60 	 
0.123599997	  0.157 	  -53.45 	 
0.123999997	  0.154 	  -57.50 	 
0.124399997	  0.151 	  -61.55 	 
0.124799997	  0.147 	  -65.62 	 
0.125199997	  0.144 	  -69.73 	 
0.125599997	  0.140 	  -73.79 	 
0.125999997	  0.136 	  -77.46 	 
0.126399997	  0.134 	  -80.58 	 
0.126799997	  0.130 	  -82.83 	 
0.127199997	  0.128 	  -84.36 	 
0.127599997	  0.126 	  -85.27 	 
0.127999997	  0.125 	  -85.48 	 
0.128399997	  0.126 	  -84.86 	 
0.128799997	  0.126 	  -83.60 	 
0.129199997	  0.127 	  -81.94 	 
0.129599997	  0.128 	  -80.02 	 
0.129999997	  0.129 	  -77.39 	 
0.130399997	  0.130 	  -73.78 	 
0.130799997	  0.133 	  -69.99 	 
0.131199997	  0.136 	  -66.48 	 
0.131599997	  0.138 	  -62.73 	 
0.131999997	  0.141 	  -58.46 	 
0.132399997	  0.145 	  -53.98 	 
0.132799997	  0.149 	  -49.78 	 
0.133199997	  0.152 	  -46.22 	 
0.133599997	  0.157 	  -43.32 	 
0.133999997	  0.159 	  -40.95 	 
0.134399997	  0.162 	  -39.15 	 
0.134799997	  0.165 	  -37.96 	 
0.135199997	  0.166 	  -37.66 	 
0.135599997	  0.166 	  -38.56 	 
0.135999997	  0.165 	  -40.38 	 
0.136399997	  0.164 	  -42.43 	 
0.136799997	  0.162 	  -44.63 	 
0.137199997	  0.161 	  -47.30 	 
0.137599997	  0.159 	  -50.68 	 
0.137999997	  0.156 	  -54.67 	 
0.138399997	  0.154 	  -58.70 	 
0.138799996	  0.150 	  -62.74 	 
0.139199996	  0.146 	  -66.81 	 
0.139599996	  0.143 	  -70.91 	 
0.139999996	  0.139 	  -74.92 	 
0.140399996	  0.135 	  -78.49 	 
0.140799996	  0.133 	  -81.36 	 
0.141199996	  0.130 	  -83.36 	 
0.141599996	  0.127 	  -84.67 	 
0.141999996	  0.126 	  -85.44 	 
0.142399996	  0.126 	  -85.41 	 
0.142799996	  0.126 	  -84.54 	 
0.143199996	  0.126 	  -83.15 	 
0.143599996	  0.127 	  -81.41 	 
0.143999996	  0.128 	  -79.39 	 
0.144399996	  0.130 	  -76.45 	 
0.144799996	  0.132 	  -72.69 	 
0.145199996	  0.134 	  -69.00 	 
0.145599996	  0.136 	  -65.34 	 
0.145999996	  0.139 	  -61.47 	 
0.146399996	  0.142 	  -57.23 	 
0.146799996	  0.146 	  -52.82 	 
0.147199996	  0.150 	  -48.76 	 
0.147599996	  0.154 	  -45.33 	 
0.147999996	  0.158 	  -42.56 	 
0.148399996	  0.160 	  -40.38 	 
0.148799996	  0.164 	  -38.81 	 
0.149199996	  0.165 	  -37.95 	 
0.149599996	  0.166 	  -37.90 	 
0.149999996	  0.166 	  -38.98 	 
0.150399996	  0.165 	  -40.81 	 
0.150799996	  0.163 	  -42.95 	 
0.151199996	  0.162 	  -45.32 	 
0.151599996	  0.161 	  -48.23 	 
0.151999996	  0.158 	  -51.80 	 
0.152399996	  0.155 	  -55.76 	 
0.152799996	  0.152 	  -59.82 	 
0.153199996	  0.149 	  -63.90 	 
0.153599996	  0.146 	  -68.03 	 
0.153999996	  0.142 	  -72.14 	 
0.154399996	  0.138 	  -75.95 	 
0.154799996	  0.134 	  -79.31 	 
0.155199996	  0.131 	  -81.95 	 
0.155599996	  0.129 	  -83.77 	 
0.155999996	  0.127 	  -84.95 	 
0.156399996	  0.126 	  -85.51 	 
0.156799996	  0.125 	  -85.19 	 
0.157199996	  0.126 	  -84.15 	 
0.157599996	  0.126 	  -82.65 	 
0.157999996	  0.127 	  -80.88 	 
0.158399996	  0.128 	  -78.64 	 
0.158799996	  0.130 	  -75.39 	 
0.159199996	  0.132 	  -71.61 	 
0.159599996	  0.134 	  -68.01 	 
0.159999996	  0.137 	  -64.40 	 
0.160399996	  0.139 	  -60.37 	 
0.160799996	  0.143 	  -55.95 	 
0.161199996	  0.148 	  -51.58 	 
0.161599996	  0.151 	  -47.68 	 
0.161999996	  0.155 	  -44.50 	 
0.162399996	  0.158 	  -41.93 	 
0.162799996	  0.161 	  -39.89 	 
0.163199996	  0.164 	  -38.40 	 
0.163599996	  0.166 	  -37.70 	 
0.163999996	  0.166 	  -38.08 	 
0.164399996	  0.166 	  -39.56 	 
0.164799996	  0.164 	  -41.50 	 
0.165199996	  0.164 	  -43.61 	 
0.165599996	  0.162 	  -45.99 	 
0.165999996	  0.159 	  -49.14 	 
0.166399996	  0.157 	  -52.98 	 
0.166799996	  0.154 	  -57.02 	 
0.167199996	  0.152 	  -61.02 	 
0.167599996	  0.148 	  -65.04 	 
0.167999996	  0.144 	  -69.11 	 
0.168399996	  0.141 	  -73.21 	 
0.168799996	  0.137 	  -77.03 	 
0.169199996	  0.134 	  -80.22 	 
0.169599996	  0.130 	  -82.56 	 
0.169999996	  0.128 	  -84.12 	 
0.170399996	  0.127 	  -85.11 	 
0.170799996	  0.126 	  -85.47 	 
0.171199996	  0.125 	  -84.97 	 
0.171599996	  0.126 	  -83.75 	 
0.171999996	  0.127 	  -82.15 	 
0.172399996	  0.128 	  -80.25 	 
0.172799996	  0.128 	  -77.79 	 
0.173199996	  0.130 	  -74.44 	 
0.173599996	  0.132 	  -70.69 	 
0.173999996	  0.135 	  -66.96 	 
0.174399996	  0.137 	  -63.15 	 
0.174799996	  0.141 	  -59.03 	 
0.175199996	  0.144 	  -54.67 	 
0.175599996	  0.148 	  -50.44 	 
0.175999996	  0.153 	  -46.75 	 
0.176399996	  0.156 	  -43.65 	 
0.176799996	  0.160 	  -41.17 	 
0.177199996	  0.162 	  -39.33 	 
0.177599996	  0.164 	  -38.16 	 
0.177999996	  0.165 	  -37.76 	 
0.178399995	  0.166 	  -38.45 	 
0.178799995	  0.166 	  -40.03 	 
0.179199995	  0.165 	  -42.01 	 
0.179599995	  0.163 	  -44.24 	 
0.179999995	  0.161 	  -46.92 	 
0.180399995	  0.159 	  -50.28 	 
0.180799995	  0.157 	  -54.12 	 
0.181199995	  0.153 	  -58.10 	 
0.181599995	  0.150 	  -62.10 	 
0.181999995	  0.147 	  -66.19 	 
0.182399995	  0.144 	  -70.42 	 
0.182799995	  0.139 	  -74.43 	 
0.183199995	  0.135 	  -78.00 	 
0.183599995	  0.133 	  -80.88 	 
0.183999995	  0.130 	  -83.00 	 
0.184399995	  0.128 	  -84.51 	 
0.184799995	  0.127 	  -85.39 	 
0.185199995	  0.125 	  -85.48 	 
0.185599995	  0.126 	  -84.66 	 
0.185999995	  0.126 	  -83.26 	 
0.186399995	  0.127 	  -81.62 	 
0.186799995	  0.128 	  -79.77 	 
0.187199995	  0.129 	  -77.04 	 
0.187599995	  0.131 	  -73.26 	 
0.187999995	  0.133 	  -69.39 	 
0.188399995	  0.136 	  -65.91 	 
0.188799995	  0.138 	  -62.21 	 
0.189199995	  0.141 	  -57.95 	 
0.189599995	  0.145 	  -53.44 	 
0.189999995	  0.150 	  -49.19 	 
0.190399995	  0.153 	  -45.66 	 
0.190799995	  0.157 	  -42.87 	 
0.191199995	  0.160 	  -40.66 	 
0.191599995	  0.163 	  -39.00 	 
0.191999995	  0.165 	  -37.91 	 
0.192399995	  0.166 	  -37.73 	 
0.192799995	  0.166 	  -38.76 	 
0.193199995	  0.165 	  -40.62 	 
0.193599995	  0.164 	  -42.70 	 
0.193999995	  0.162 	  -44.98 	 
0.194399995	  0.161 	  -47.79 	 
0.194799995	  0.158 	  -51.27 	 
0.195199995	  0.156 	  -55.20 	 
0.195599995	  0.153 	  -59.22 	 
0.195999995	  0.149 	  -63.33 	 
0.196399995	  0.147 	  -67.48 	 
0.196799995	  0.142 	  -71.54 	 
0.197199995	  0.138 	  -75.42 	 
0.197599995	  0.134 	  -78.84 	 
0.197999995	  0.132 	  -81.63 	 
0.198399995	  0.129 	  -83.59 	 
0.198799995	  0.127 	  -84.82 	 
0.199199995	  0.126 	  -85.45 	 
0.199599995	  0.125 	  -85.28 	 
0.199999995	  0.126 	  -84.36 	 
0.200399995	  0.126 	  -82.94 	 
0.200799995	  0.127 	  -81.21 	 
0.201199995	  0.128 	  -79.06 	 
0.201599995	  0.129 	  -75.92 	 
0.201999995	  0.131 	  -72.14 	 
0.202399995	  0.134 	  -68.59 	 
0.202799995	  0.136 	  -65.01 	 
0.203199995	  0.139 	  -60.97 	 
0.203599995	  0.143 	  -56.51 	 
0.203999995	  0.147 	  -52.08 	 
0.204399995	  0.151 	  -48.18 	 
0.204799995	  0.155 	  -44.94 	 
0.205199995	  0.158 	  -42.24 	 
0.205599995	  0.161 	  -40.12 	 
0.205999995	  0.163 	  -38.54 	 
0.206399995	  0.165 	  -37.70 	 
0.206799995	  0.166 	  -37.91 	 
0.207199995	  0.166 	  -39.35 	 
0.207599995	  0.165 	  -41.32 	 
0.207999995	  0.163 	  -43.34 	 
0.208399995	  0.162 	  -45.66 	 
0.208799995	  0.160 	  -48.67 	 
0.209199995	  0.158 	  -52.39 	 
0.209599995	  0.155 	  -56.42 	 
0.209999995	  0.152 	  -60.46 	 
0.210399995	  0.149 	  -64.45 	 
0.210799995	  0.145 	  -68.49 	 
0.211199995	  0.141 	  -72.55 	 
0.211599995	  0.138 	  -76.47 	 
0.211999995	  0.134 	  -79.85 	 
0.212399995	  0.131 	  -82.29 	 
0.212799995	  0.129 	  -83.92 	 
0.213199995	  0.127 	  -85.04 	 
0.213599995	  0.126 	  -85.53 	 
0.213999995	  0.125 	  -85.17 	 
0.214399995	  0.125 	  -84.05 	 
0.214799995	  0.126 	  -82.41 	 
0.215199995	  0.127 	  -80.56 	 
0.215599995	  0.128 	  -78.30 	 
0.215999995	  0.130 	  -74.92 	 
0.216399995	  0.132 	  -71.08 	 
0.216799995	  0.135 	  -67.44 	 
0.217199995	  0.137 	  -63.78 	 
0.217599995	  0.140 	  -59.70 	 
0.217999994	  0.143 	  -55.28 	 
0.218399994	  0.148 	  -50.98 	 
0.218799994	  0.152 	  -47.19 	 
0.219199994	  0.155 	  -44.08 	 
0.219599994	  0.159 	  -41.54 	 
0.219999994	  0.162 	  -39.63 	 
0.220399994	  0.164 	  -38.32 	 
0.220799994	  0.165 	  -37.77 	 
0.221199994	  0.166 	  -38.29 	 
0.221599994	  0.166 	  -39.83 	 
0.221999994	  0.164 	  -41.79 	 
0.222399994	  0.163 	  -43.91 	 
0.222799994	  0.161 	  -46.47 	 
0.223199994	  0.159 	  -49.74 	 
0.223599994	  0.157 	  -53.53 	 
0.223999994	  0.154 	  -57.50 	 
0.224399994	  0.151 	  -61.52 	 
0.224799994	  0.148 	  -65.65 	 
0.225199994	  0.144 	  -69.82 	 
0.225599994	  0.140 	  -73.85 	 
0.225999994	  0.136 	  -77.47 	 
0.226399994	  0.132 	  -80.51 	 
0.226799994	  0.130 	  -82.81 	 
0.227199994	  0.128 	  -84.38 	 
0.227599994	  0.127 	  -85.31 	 
0.227999994	  0.125 	  -85.53 	 
0.228399994	  0.125 	  -84.85 	 
0.228799994	  0.126 	  -83.57 	 
0.229199994	  0.127 	  -81.95 	 
0.229599994	  0.128 	  -80.07 	 
0.229999994	  0.129 	  -77.44 	 
0.230399994	  0.131 	  -73.75 	 
0.230799994	  0.133 	  -69.97 	 
0.231199994	  0.135 	  -66.48 	 
0.231599994	  0.138 	  -62.75 	 
0.231999994	  0.141 	  -58.49 	 
0.232399994	  0.145 	  -53.99 	 
0.232799994	  0.149 	  -49.77 	 
0.233199994	  0.152 	  -46.23 	 
0.233599994	  0.157 	  -43.29 	 
0.233999994	  0.160 	  -40.97 	 
0.234399994	  0.162 	  -39.21 	 
0.234799994	  0.164 	  -38.05 	 
0.235199994	  0.166 	  -37.75 	 
0.235599994	  0.166 	  -38.59 	 
0.235999994	  0.165 	  -40.33 	 
0.236399994	  0.164 	  -42.39 	 
0.236799994	  0.162 	  -44.62 	 
0.237199994	  0.161 	  -47.31 	 
0.237599994	  0.158 	  -50.66 	 
0.237999994	  0.157 	  -54.58 	 
0.238399994	  0.153 	  -58.66 	 
0.238799994	  0.150 	  -62.71 	 
0.239199994	  0.146 	  -66.84 	 
0.239599994	  0.143 	  -70.93 	 
0.239999994	  0.139 	  -74.86 	 
0.240399994	  0.135 	  -78.45 	 
0.240799994	  0.132 	  -81.32 	 
0.241199994	  0.129 	  -83.38 	 
0.241599994	  0.127 	  -84.66 	 
0.241999994	  0.127 	  -85.39 	 
0.242399994	  0.125 	  -85.38 	 
0.242799994	  0.125 	  -84.52 	 
0.243199994	  0.126 	  -83.13 	 
0.243599994	  0.127 	  -81.40 	 
0.243999994	  0.128 	  -79.36 	 
0.244399994	  0.130 	  -76.40 	 
0.244799994	  0.132 	  -72.72 	 
0.245199994	  0.134 	  -69.06 	 
0.245599994	  0.136 	  -65.44 	 
0.245999994	  0.139 	  -61.51 	 
0.246399994	  0.143 	  -57.11 	 
0.246799994	  0.146 	  -52.67 	 
0.247199994	  0.150 	  -48.68 	 
0.247599994	  0.154 	  -45.29 	 
0.247999994	  0.157 	  -42.50 	 
0.248399994	  0.161 	  -40.29 	 
0.248799994	  0.163 	  -38.70 	 
0.249199994	  0.165 	  -37.79 	 
0.249599994	  0.167 	  -37.84 	 
0.249999994	  0.165 	  -38.97 	 
0.250399994	  0.165 	  -40.79 	 
0.250799994	  0.164 	  -42.85 	 
0.251199994	  0.162 	  -45.22 	 
0.251599994	  0.160 	  -48.15 	 
0.251999994	  0.158 	  -51.72 	 
0.252399994	  0.156 	  -55.72 	 
0.252799994	  0.152 	  -59.78 	 
0.253199994	  0.149 	  -63.87 	 
0.253599994	  0.146 	  -67.99 	 
0.253999994	  0.141 	  -72.07 	 
0.254399994	  0.138 	  -75.90 	 
0.254799994	  0.135 	  -79.30 	 
0.255199994	  0.132 	  -81.91 	 
0.255599994	  0.128 	  -83.73 	 
0.255999994	  0.127 	  -84.93 	 
0.256399994	  0.126 	  -85.48 	 
0.256799994	  0.125 	  -85.20 	 
0.257199994	  0.125 	  -84.17 	 
0.257599993	  0.126 	  -82.65 	 
0.257999993	  0.127 	  -80.84 	 
0.258399993	  0.128 	  -78.68 	 
0.258799993	  0.130 	  -75.45 	 
0.259199993	  0.132 	  -71.69 	 
0.259599993	  0.134 	  -67.86 	 
0.259999993	  0.137 	  -64.19 	 
0.260399993	  0.140 	  -60.28 	 
0.260799993	  0.143 	  -55.96 	 
0.261199993	  0.147 	  -51.58 	 
0.261599993	  0.152 	  -47.65 	 
0.261999993	  0.155 	  -44.39 	 
0.262399993	  0.158 	  -41.78 	 
0.262799993	  0.161 	  -39.81 	 
0.263199993	  0.164 	  -38.38 	 
0.263599993	  0.166 	  -37.72 	 
0.263999993	  0.166 	  -37.97 	 
0.264399993	  0.165 	  -39.39 	 
0.264799993	  0.165 	  -41.42 	 
0.265199993	  0.163 	  -43.56 	 
0.265599993	  0.161 	  -46.03 	 
0.265999993	  0.160 	  -49.14 	 
0.266399993	  0.157 	  -52.87 	 
0.266799993	  0.155 	  -56.92 	 
0.267199993	  0.152 	  -60.96 	 
0.267599993	  0.148 	  -65.01 	 
0.267999993	  0.145 	  -69.15 	 
0.268399993	  0.140 	  -73.22 	 
0.268799993	  0.137 	  -77.00 	 
0.269199993	  0.133 	  -80.17 	 
0.269599993	  0.130 	  -82.54 	 
0.269999993	  0.129 	  -84.14 	 
0.270399993	  0.126 	  -85.12 	 
0.270799993	  0.126 	  -85.46 	 
0.271199993	  0.125 	  -84.95 	 
0.271599993	  0.126 	  -83.75 	 
0.271999993	  0.126 	  -82.13 	 
0.272399993	  0.127 	  -80.29 	 
0.272799993	  0.128 	  -77.86 	 
0.273199993	  0.130 	  -74.38 	 
0.273599993	  0.133 	  -70.60 	 
0.273999993	  0.134 	  -66.86 	 
0.274399993	  0.138 	  -63.13 	 
0.274799993	  0.141 	  -59.05 	 
0.275199993	  0.145 	  -54.60 	 
0.275599993	  0.148 	  -50.33 	 
0.275999993	  0.153 	  -46.62 	 
0.276399993	  0.156 	  -43.59 	 
0.276799993	  0.160 	  -41.13 	 
0.277199993	  0.162 	  -39.30 	 
0.277599993	  0.165 	  -38.11 	 
0.277999993	  0.165 	  -37.70 	 
0.278399993	  0.166 	  -38.33 	 
0.278799993	  0.166 	  -39.96 	 
0.279199993	  0.165 	  -42.00 	 
0.279599993	  0.162 	  -44.22 	 
0.279999993	  0.161 	  -46.82 	 
0.280399993	  0.159 	  -50.15 	 
0.280799993	  0.157 	  -54.05 	 
0.281199993	  0.154 	  -58.09 	 
0.281599993	  0.151 	  -62.10 	 
0.281999993	  0.147 	  -66.17 	 
0.282399993	  0.143 	  -70.35 	 
0.282799993	  0.140 	  -74.39 	 
0.283199993	  0.136 	  -77.98 	 
0.283599993	  0.132 	  -80.88 	 
0.283999993	  0.129 	  -83.00 	 
0.284399993	  0.128 	  -84.45 	 
0.284799993	  0.126 	  -85.35 	 
0.285199993	  0.125 	  -85.48 	 
0.285599993	  0.126 	  -84.72 	 
0.285999993	  0.125 	  -83.29 	 
0.286399993	  0.127 	  -81.61 	 
0.286799993	  0.128 	  -79.74 	 
0.287199993	  0.129 	  -77.02 	 
0.287599993	  0.131 	  -73.25 	 
0.287999993	  0.134 	  -69.39 	 
0.288399993	  0.136 	  -65.86 	 
0.288799993	  0.138 	  -62.12 	 
0.289199993	  0.142 	  -57.89 	 
0.289599993	  0.145 	  -53.37 	 
0.289999993	  0.150 	  -49.16 	 
0.290399993	  0.153 	  -45.61 	 
0.290799993	  0.158 	  -42.79 	 
0.291199993	  0.160 	  -40.56 	 
0.291599993	  0.164 	  -38.92 	 
0.291999993	  0.165 	  -37.90 	 
0.292399993	  0.166 	  -37.73 	 
0.292799993	  0.166 	  -38.67 	 
0.293199993	  0.165 	  -40.51 	 
0.293599993	  0.164 	  -42.59 	 
0.293999993	  0.163 	  -44.92 	 
0.294399993	  0.160 	  -47.75 	 
0.294799993	  0.159 	  -51.20 	 
0.295199993	  0.155 	  -55.09 	 
0.295599993	  0.153 	  -59.14 	 
0.295999993	  0.150 	  -63.24 	 
0.296399993	  0.146 	  -67.42 	 
0.296799993	  0.142 	  -71.51 	 
0.297199992	  0.139 	  -75.38 	 
0.297599992	  0.135 	  -78.83 	 
0.297999992	  0.131 	  -81.59 	 
0.298399992	  0.130 	  -83.55 	 
0.298799992	  0.127 	  -84.79 	 
0.299199992	  0.126 	  -85.42 	 
0.299599992	  0.126 	  -85.24 	 
0.299999992	  0.126 	  -84.34 	 
0.300399992	  0.126 	  -82.88 	 
0.300799992	  0.127 	  -81.14 	 
0.301199992	  0.129 	  -79.02 	 
0.301599992	  0.129 	  -75.92 	 
0.301999992	  0.132 	  -72.11 	 
0.302399992	  0.134 	  -68.46 	 
0.302799992	  0.136 	  -64.87 	 
0.303199992	  0.139 	  -60.89 	 
0.303599992	  0.143 	  -56.49 	 
0.303999992	  0.146 	  -52.04 	 
0.304399992	  0.151 	  -48.07 	 
0.304799992	  0.154 	  -44.80 	 
0.305199992	  0.158 	  -42.17 	 
0.305599992	  0.161 	  -40.02 	 
0.305999992	  0.163 	  -38.47 	 
0.306399992	  0.165 	  -37.69 	 
0.306799992	  0.166 	  -37.86 	 
0.307199992	  0.166 	  -39.17 	 
0.307599992	  0.165 	  -41.09 	 
0.307999992	  0.164 	  -43.20 	 
0.308399992	  0.162 	  -45.64 	 
0.308799992	  0.160 	  -48.66 	 
0.309199992	  0.158 	  -52.33 	 
0.309599992	  0.156 	  -56.28 	 
0.309999992	  0.152 	  -60.30 	 
0.310399992	  0.148 	  -64.36 	 
0.310799992	  0.145 	  -68.52 	 
0.311199992	  0.141 	  -72.60 	 
0.311599992	  0.137 	  -76.41 	 
0.311999992	  0.134 	  -79.67 	 
0.312399992	  0.131 	  -82.19 	 
0.312799992	  0.128 	  -83.92 	 
0.313199992	  0.127 	  -85.05 	 
0.313599992	  0.126 	  -85.50 	 
0.313999992	  0.125 	  -85.06 	 
0.314399992	  0.125 	  -83.91 	 
0.314799992	  0.126 	  -82.39 	 
0.315199992	  0.128 	  -80.55 	 
0.315599992	  0.129 	  -78.29 	 
0.315999992	  0.130 	  -74.91 	 
0.316399992	  0.132 	  -71.05 	 
0.316799992	  0.134 	  -67.37 	 
0.317199992	  0.137 	  -63.68 	 
0.317599992	  0.139 	  -59.63 	 
0.317999992	  0.144 	  -55.21 	 
0.318399992	  0.148 	  -50.86 	 
0.318799992	  0.152 	  -47.04 	 
0.319199992	  0.156 	  -43.93 	 
0.319599992	  0.159 	  -41.45 	 
0.319999992	  0.162 	  -39.55 	 
0.320399992	  0.164 	  -38.19 	 
0.320799992	  0.166 	  -37.59 	 
0.321199992	  0.166 	  -38.14 	 
0.321599992	  0.166 	  -39.76 	 
0.321999992	  0.164 	  -41.77 	 
0.322399992	  0.163 	  -43.87 	 
0.322799992	  0.161 	  -46.38 	 
0.323199992	  0.160 	  -49.59 	 
0.323599992	  0.157 	  -53.44 	 
0.323999992	  0.154 	  -57.46 	 
0.324399992	  0.151 	  -61.50 	 
0.324799992	  0.147 	  -65.60 	 
0.325199992	  0.144 	  -69.74 	 
0.325599992	  0.140 	  -73.78 	 
0.325999992	  0.136 	  -77.43 	 
0.326399992	  0.133 	  -80.49 	 
0.326799992	  0.131 	  -82.76 	 
0.327199992	  0.128 	  -84.32 	 
0.327599992	  0.126 	  -85.26 	 
0.327999992	  0.125 	  -85.46 	 
0.328399992	  0.125 	  -84.83 	 
0.328799992	  0.125 	  -83.53 	 
0.329199992	  0.127 	  -81.92 	 
0.329599992	  0.128 	  -79.98 	 
0.329999992	  0.129 	  -77.25 	 
0.330399992	  0.131 	  -73.78 	 
0.330799992	  0.133 	  -70.05 	 
0.331199992	  0.135 	  -66.50 	 
0.331599992	  0.138 	  -62.67 	 
0.331999992	  0.141 	  -58.36 	 
0.332399992	  0.145 	  -53.91 	 
0.332799992	  0.149 	  -49.79 	 
0.333199992	  0.153 	  -46.19 	 
0.333599992	  0.157 	  -43.26 	 
0.333999992	  0.159 	  -40.86 	 
0.334399992	  0.163 	  -39.06 	 
0.334799992	  0.165 	  -37.90 	 
0.335199992	  0.166 	  -37.66 	 
0.335599992	  0.166 	  -38.57 	 
0.335999992	  0.165 	  -40.33 	 
0.336399992	  0.164 	  -42.35 	 
0.336799991	  0.162 	  -44.56 	 
0.337199991	  0.161 	  -47.27 	 
0.337599991	  0.159 	  -50.66 	 
0.337999991	  0.156 	  -54.59 	 
0.338399991	  0.154 	  -58.65 	 
0.338799991	  0.150 	  -62.67 	 
0.339199991	  0.146 	  -66.74 	 
0.339599991	  0.143 	  -70.86 	 
0.339999991	  0.139 	  -74.88 	 
0.340399991	  0.136 	  -78.44 	 
0.340799991	  0.132 	  -81.30 	 
0.341199991	  0.129 	  -83.30 	 
0.341599991	  0.127 	  -84.62 	 
0.341999991	  0.126 	  -85.41 	 
0.342399991	  0.126 	  -85.37 	 
0.342799991	  0.125 	  -84.52 	 
0.343199991	  0.126 	  -83.11 	 
0.343599991	  0.127 	  -81.35 	 
0.343999991	  0.128 	  -79.28 	 
0.344399991	  0.129 	  -76.39 	 
0.344799991	  0.132 	  -72.86 	 
0.345199991	  0.133 	  -69.05 	 
0.345599991	  0.136 	  -65.34 	 
0.345999991	  0.139 	  -61.41 	 
0.346399991	  0.143 	  -57.13 	 
0.346799991	  0.146 	  -52.78 	 
0.347199991	  0.150 	  -48.73 	 
0.347599991	  0.154 	  -45.25 	 
0.347999991	  0.158 	  -42.45 	 
0.348399991	  0.161 	  -40.28 	 
0.348799991	  0.163 	  -38.74 	 
0.349199991	  0.165 	  -37.86 	 
0.349599991	  0.166 	  -37.83 	 
0.349999991	  0.166 	  -38.93 	 
0.350399991	  0.165 	  -40.77 	 
0.350799991	  0.163 	  -42.85 	 
0.351199991	  0.161 	  -45.27 	 
0.351599991	  0.161 	  -48.18 	 
0.351999991	  0.158 	  -51.77 	 
0.352399991	  0.155 	  -55.74 	 
0.352799991	  0.153 	  -59.76 	 
0.353199991	  0.149 	  -63.81 	 
0.353599991	  0.145 	  -67.95 	 
0.353999991	  0.142 	  -72.10 	 
0.354399991	  0.138 	  -75.95 	 
0.354799991	  0.134 	  -79.28 	 
0.355199991	  0.132 	  -81.87 	 
0.355599991	  0.129 	  -83.69 	 
0.355999991	  0.127 	  -84.94 	 
0.356399991	  0.126 	  -85.51 	 
0.356799991	  0.126 	  -85.17 	 
0.357199991	  0.125 	  -84.10 	 
0.357599991	  0.127 	  -82.59 	 
0.357999991	  0.127 	  -80.85 	 
0.358399991	  0.128 	  -78.68 	 
0.358799991	  0.130 	  -75.46 	 
0.359199991	  0.132 	  -71.65 	 
0.359599991	  0.134 	  -67.84 	 
0.359999991	  0.137 	  -64.20 	 
0.360399991	  0.140 	  -60.30 	 
0.360799991	  0.143 	  -55.96 	 
0.361199991	  0.147 	  -51.60 	 
0.361599991	  0.151 	  -47.64 	 
0.361999991	  0.154 	  -44.41 	 
0.362399991	  0.158 	  -41.82 	 
0.362799991	  0.161 	  -39.84 	 
0.363199991	  0.164 	  -38.40 	 
0.363599991	  0.165 	  -37.66 	 
0.363999991	  0.166 	  -38.03 	 
0.364399991	  0.166 	  -39.48 	 
0.364799991	  0.164 	  -41.48 	 
0.365199991	  0.163 	  -43.58 	 
0.365599991	  0.161 	  -46.05 	 
0.365999991	  0.160 	  -49.12 	 
0.366399991	  0.157 	  -52.89 	 
0.366799991	  0.155 	  -56.92 	 
0.367199991	  0.151 	  -60.98 	 
0.367599991	  0.148 	  -65.02 	 
0.367999991	  0.145 	  -69.14 	 
0.368399991	  0.141 	  -73.26 	 
0.368799991	  0.137 	  -76.98 	 
0.369199991	  0.134 	  -80.13 	 
0.369599991	  0.131 	  -82.50 	 
0.369999991	  0.128 	  -84.09 	 
0.370399991	  0.126 	  -85.13 	 
0.370799991	  0.126 	  -85.44 	 
0.371199991	  0.125 	  -84.89 	 
0.371599991	  0.126 	  -83.70 	 
0.371999991	  0.127 	  -82.14 	 
0.372399991	  0.127 	  -80.28 	 
0.372799991	  0.128 	  -77.81 	 
0.373199991	  0.131 	  -74.36 	 
0.373599991	  0.132 	  -70.60 	 
0.373999991	  0.135 	  -66.94 	 
0.374399991	  0.137 	  -63.18 	 
0.374799991	  0.140 	  -59.07 	 
0.375199991	  0.143 	  -54.62 	 
0.375599991	  0.148 	  -50.34 	 
0.375999991	  0.152 	  -46.65 	 
0.376399990	  0.157 	  -43.64 	 
0.376799990	  0.159 	  -41.20 	 
0.377199990	  0.162 	  -39.33 	 
0.377599990	  0.164 	  -38.14 	 
0.377999990	  0.165 	  -37.75 	 
0.378399990	  0.165 	  -38.36 	 
0.378799990	  0.166 	  -40.00 	 
0.379199990	  0.165 	  -42.01 	 
0.379599990	  0.163 	  -44.25 	 
0.379999990	  0.161 	  -46.88 	 
0.380399990	  0.158 	  -50.22 	 
0.380799990	  0.157 	  -54.05 	 
0.381199990	  0.153 	  -58.10 	 
0.381599990	  0.150 	  -62.11 	 
0.381999990	  0.147 	  -66.22 	 
0.382399990	  0.143 	  -70.36 	 
0.382799990	  0.139 	  -74.35 	 
0.383199990	  0.136 	  -77.99 	 
0.383599990	  0.132 	  -80.92 	 
0.383999990	  0.130 	  -83.09 	 
0.384399990	  0.128 	  -84.50 	 
0.384799990	  0.126 	  -85.35 	 
0.385199990	  0.125 	  -85.42 	 
0.385599990	  0.126 	  -84.67 	 
0.385999990	  0.126 	  -83.34 	 
0.386399990	  0.127 	  -81.64 	 
0.386799990	  0.127 	  -79.74 	 
0.387199990	  0.129 	  -77.01 	 
0.387599990	  0.131 	  -73.29 	 
0.387999990	  0.133 	  -69.45 	 
0.388399990	  0.135 	  -65.94 	 
0.388799990	  0.139 	  -62.17 	 
0.389199990	  0.142 	  -57.90 	 
0.389599990	  0.145 	  -53.39 	 
0.389999990	  0.149 	  -49.20 	 
0.390399990	  0.153 	  -45.68 	 
0.390799990	  0.158 	  -42.89 	 
0.391199990	  0.160 	  -40.64 	 
0.391599990	  0.163 	  -38.95 	 
0.391999990	  0.165 	  -37.90 	 
0.392399990	  0.165 	  -37.76 	 
0.392799990	  0.166 	  -38.80 	 
0.393199990	  0.165 	  -40.62 	 
0.393599990	  0.164 	  -42.69 	 
0.393999990	  0.162 	  -44.92 	 
0.394399990	  0.161 	  -47.73 	 
0.394799990	  0.158 	  -51.31 	 
0.395199990	  0.156 	  -55.26 	 
0.395599990	  0.153 	  -59.27 	 
0.395999990	  0.150 	  -63.30 	 
0.396399990	  0.146 	  -67.42 	 
0.396799990	  0.143 	  -71.56 	 
0.397199990	  0.138 	  -75.44 	 
0.397599990	  0.134 	  -78.90 	 
0.397999990	  0.132 	  -81.64 	 
0.398399990	  0.129 	  -83.55 	 
0.398799990	  0.127 	  -84.80 	 
0.399199990	  0.126 	  -85.48 	 
0.399599990	  0.125 	  -85.30 	 
0.399999990	  0.125 	  -84.36 	 
0.400399990	  0.126 	  -82.93 	 
0.400799990	  0.127 	  -81.21 	 
0.401199990	  0.128 	  -79.07 	 
0.401599990	  0.130 	  -75.96 	 
0.401999990	  0.132 	  -72.22 	 
0.402399990	  0.134 	  -68.56 	 
0.402799990	  0.136 	  -64.93 	 
0.403199990	  0.139 	  -60.93 	 
0.403599990	  0.143 	  -56.51 	 
0.403999990	  0.146 	  -52.11 	 
0.404399990	  0.150 	  -48.20 	 
0.404799990	  0.154 	  -44.91 	 
0.405199990	  0.158 	  -42.22 	 
0.405599990	  0.161 	  -40.09 	 
0.405999990	  0.164 	  -38.57 	 
0.406399990	  0.165 	  -37.79 	 
0.406799990	  0.166 	  -37.97 	 
0.407199990	  0.166 	  -39.28 	 
0.407599990	  0.165 	  -41.19 	 
0.407999990	  0.164 	  -43.31 	 
0.408399990	  0.162 	  -45.73 	 
0.408799990	  0.160 	  -48.71 	 
0.409199990	  0.158 	  -52.33 	 
