0.000000000	  0.147 	  -66.81 	 
0.002200000	  0.149 	  -64.27 	 
0.004400000	  0.151 	  -61.57 	 
0.006600000	  0.153 	  -58.94 	 
0.008800000	  0.156 	  -56.36 	 
0.011000000	  0.159 	  -53.79 	 
0.013200000	  0.162 	  -51.32 	 
0.015400000	  0.164 	  -49.01 	 
0.017600000	  0.167 	  -46.84 	 
0.019800000	  0.170 	  -44.84 	 
0.022000000	  0.171 	  -43.05 	 
0.024200000	  0.174 	  -41.55 	 
0.026400000	  0.176 	  -40.22 	 
0.028600000	  0.177 	  -39.15 	 
0.030800000	  0.179 	  -38.44 	 
0.033000000	  0.181 	  -37.95 	 
0.035200000	  0.181 	  -37.70 	 
0.037400000	  0.182 	  -37.80 	 
0.039600000	  0.182 	  -38.08 	 
0.041800000	  0.182 	  -38.73 	 
0.044000000	  0.181 	  -39.62 	 
0.046200000	  0.181 	  -40.79 	 
0.048400000	  0.180 	  -42.24 	 
0.050600000	  0.179 	  -43.94 	 
0.052800000	  0.177 	  -45.94 	 
0.055000000	  0.175 	  -48.05 	 
0.057200000	  0.174 	  -50.36 	 
0.059400000	  0.171 	  -52.72 	 
0.061600000	  0.169 	  -55.20 	 
0.063800000	  0.166 	  -57.80 	 
0.066000000	  0.164 	  -60.44 	 
0.068200000	  0.161 	  -63.17 	 
0.070400000	  0.158 	  -65.79 	 
0.072600000	  0.155 	  -68.40 	 
0.074800000	  0.153 	  -70.86 	 
0.077000000	  0.150 	  -73.25 	 
0.079200000	  0.148 	  -75.40 	 
0.081400000	  0.145 	  -77.45 	 
0.083600000	  0.143 	  -79.33 	 
0.085800000	  0.142 	  -80.99 	 
0.088000000	  0.140 	  -82.38 	 
0.090200000	  0.138 	  -83.55 	 
0.092399999	  0.137 	  -84.43 	 
0.094599999	  0.136 	  -85.02 	 
0.096799999	  0.136 	  -85.37 	 
0.098999999	  0.135 	  -85.43 	 
0.101199999	  0.134 	  -85.24 	 
0.103399999	  0.135 	  -84.78 	 
0.105599999	  0.136 	  -84.10 	 
0.107799999	  0.136 	  -83.00 	 
0.109999999	  0.136 	  -81.78 	 
0.112199999	  0.137 	  -80.11 	 
0.114399999	  0.138 	  -78.28 	 
0.116599999	  0.139 	  -76.18 	 
0.118799999	  0.140 	  -73.89 	 
0.120999999	  0.142 	  -71.48 	 
0.123199999	  0.144 	  -69.00 	 
0.125399999	  0.147 	  -66.48 	 
0.127599999	  0.149 	  -63.81 	 
0.129799999	  0.152 	  -61.15 	 
0.131999999	  0.154 	  -58.50 	 
0.134199999	  0.157 	  -55.87 	 
0.136399999	  0.159 	  -53.35 	 
0.138599999	  0.162 	  -50.90 	 
0.140799999	  0.165 	  -48.62 	 
0.142999999	  0.167 	  -46.48 	 
0.145199999	  0.170 	  -44.50 	 
0.147399999	  0.172 	  -42.79 	 
0.149599999	  0.174 	  -41.30 	 
0.151799999	  0.177 	  -40.01 	 
0.153999999	  0.179 	  -39.01 	 
0.156199999	  0.180 	  -38.32 	 
0.158399999	  0.181 	  -37.87 	 
0.160599999	  0.181 	  -37.69 	 
0.162799999	  0.182 	  -37.80 	 
0.164999999	  0.182 	  -38.21 	 
0.167199999	  0.182 	  -38.85 	 
0.169399999	  0.181 	  -39.79 	 
0.171599999	  0.180 	  -41.13 	 
0.173799999	  0.179 	  -42.57 	 
0.175999999	  0.178 	  -44.30 	 
0.178199999	  0.177 	  -46.31 	 
0.180399999	  0.175 	  -48.40 	 
0.182599999	  0.173 	  -50.80 	 
0.184799999	  0.171 	  -53.22 	 
0.186999999	  0.168 	  -55.76 	 
0.189199999	  0.166 	  -58.37 	 
0.191399999	  0.163 	  -60.98 	 
0.193599999	  0.160 	  -63.65 	 
0.195799999	  0.158 	  -66.24 	 
0.197999999	  0.155 	  -68.89 	 
0.200199999	  0.153 	  -71.26 	 
0.202399999	  0.149 	  -73.68 	 
0.204599999	  0.147 	  -75.84 	 
0.206799999	  0.145 	  -77.92 	 
0.208999999	  0.143 	  -79.67 	 
0.211199999	  0.141 	  -81.33 	 
0.213399999	  0.139 	  -82.63 	 
0.215599999	  0.138 	  -83.79 	 
0.217799999	  0.137 	  -84.62 	 
0.219999999	  0.136 	  -85.17 	 
0.222199999	  0.135 	  -85.48 	 
0.224399999	  0.135 	  -85.47 	 
0.226599999	  0.135 	  -85.18 	 
0.228799999	  0.135 	  -84.65 	 
0.230999999	  0.135 	  -83.82 	 
0.233199999	  0.135 	  -82.69 	 
0.235399999	  0.136 	  -81.34 	 
0.237599999	  0.137 	  -79.73 	 
0.239799999	  0.138 	  -77.92 	 
0.241999999	  0.139 	  -75.84 	 
0.244199999	  0.141 	  -73.62 	 
0.246399999	  0.143 	  -71.12 	 
0.248599999	  0.145 	  -68.54 	 
0.250799999	  0.147 	  -66.00 	 
0.252999999	  0.149 	  -63.30 	 
0.255199999	  0.152 	  -60.65 	 
0.257399999	  0.154 	  -58.04 	 
0.259599999	  0.157 	  -55.38 	 
0.261799999	  0.160 	  -52.89 	 
0.263999999	  0.162 	  -50.48 	 
0.266199999	  0.165 	  -48.19 	 
0.268399999	  0.168 	  -46.06 	 
0.270599999	  0.171 	  -44.19 	 
0.272799999	  0.172 	  -42.50 	 
0.274999999	  0.174 	  -41.01 	 
0.277199998	  0.177 	  -39.81 	 
0.279399998	  0.178 	  -38.82 	 
0.281599998	  0.179 	  -38.21 	 
0.283799998	  0.181 	  -37.81 	 
0.285999998	  0.181 	  -37.71 	 
0.288199998	  0.182 	  -37.86 	 
0.290399998	  0.182 	  -38.33 	 
0.292599998	  0.182 	  -39.03 	 
0.294799998	  0.181 	  -39.98 	 
0.296999998	  0.180 	  -41.36 	 
0.299199998	  0.179 	  -42.84 	 
0.301399998	  0.178 	  -44.64 	 
0.303599998	  0.176 	  -46.65 	 
0.305799998	  0.175 	  -48.80 	 
0.307999998	  0.172 	  -51.22 	 
0.310199998	  0.170 	  -53.68 	 
0.312399998	  0.168 	  -56.26 	 
0.314599998	  0.166 	  -58.85 	 
0.316799998	  0.162 	  -61.50 	 
0.318999998	  0.160 	  -64.09 	 
0.321199998	  0.158 	  -66.65 	 
0.323399998	  0.155 	  -69.28 	 
0.325599998	  0.152 	  -71.70 	 
0.327799998	  0.149 	  -74.06 	 
0.329999998	  0.147 	  -76.22 	 
0.332199998	  0.144 	  -78.23 	 
0.334399998	  0.142 	  -79.98 	 
0.336599998	  0.140 	  -81.53 	 
0.338799998	  0.139 	  -82.84 	 
0.340999998	  0.138 	  -83.86 	 
0.343199998	  0.136 	  -84.69 	 
0.345399998	  0.136 	  -85.22 	 
0.347599998	  0.135 	  -85.42 	 
0.349799998	  0.135 	  -85.38 	 
0.351999998	  0.135 	  -85.09 	 
0.354199998	  0.135 	  -84.49 	 
0.356399998	  0.135 	  -83.69 	 
0.358599998	  0.135 	  -82.53 	 
0.360799998	  0.137 	  -81.19 	 
0.362999998	  0.137 	  -79.45 	 
0.365199998	  0.138 	  -77.48 	 
0.367399998	  0.140 	  -75.32 	 
0.369599998	  0.141 	  -73.01 	 
0.371799998	  0.143 	  -70.65 	 
0.373999998	  0.145 	  -68.10 	 
0.376199998	  0.148 	  -65.51 	 
0.378399998	  0.150 	  -62.89 	 
0.380599998	  0.153 	  -60.15 	 
0.382799998	  0.154 	  -57.50 	 
0.384999998	  0.158 	  -54.93 	 
0.387199998	  0.160 	  -52.40 	 
0.389399998	  0.162 	  -50.07 	 
0.391599998	  0.166 	  -47.79 	 
0.393799998	  0.168 	  -45.79 	 
0.395999998	  0.171 	  -43.87 	 
0.398199998	  0.173 	  -42.23 	 
0.400399998	  0.175 	  -40.79 	 
0.402599998	  0.177 	  -39.70 	 
0.404799998	  0.179 	  -38.74 	 
0.406999998	  0.180 	  -38.12 	 
0.409199998	  0.181 	  -37.83 	 
0.411399998	  0.181 	  -37.76 	 
0.413599998	  0.181 	  -37.97 	 
0.415799998	  0.182 	  -38.42 	 
0.417999998	  0.181 	  -39.25 	 
0.420199998	  0.181 	  -40.25 	 
0.422399998	  0.180 	  -41.62 	 
0.424599998	  0.178 	  -43.21 	 
0.426799998	  0.177 	  -45.00 	 
0.428999998	  0.176 	  -47.07 	 
0.431199998	  0.174 	  -49.31 	 
0.433399998	  0.172 	  -51.72 	 
0.435599998	  0.170 	  -54.14 	 
0.437799998	  0.167 	  -56.72 	 
0.439999998	  0.165 	  -59.26 	 
0.442199998	  0.162 	  -61.90 	 
0.444399998	  0.159 	  -64.57 	 
0.446599998	  0.156 	  -67.14 	 
0.448799998	  0.154 	  -69.73 	 
0.450999998	  0.151 	  -72.14 	 
0.453199998	  0.149 	  -74.46 	 
0.455399998	  0.146 	  -76.56 	 
0.457599998	  0.144 	  -78.53 	 
0.459799998	  0.143 	  -80.20 	 
0.461999997	  0.140 	  -81.77 	 
0.464199997	  0.139 	  -83.02 	 
0.466399997	  0.137 	  -84.05 	 
0.468599997	  0.136 	  -84.78 	 
0.470799997	  0.136 	  -85.23 	 
0.472999997	  0.135 	  -85.42 	 
0.475199997	  0.135 	  -85.31 	 
0.477399997	  0.134 	  -84.97 	 
0.479599997	  0.135 	  -84.33 	 
0.481799997	  0.135 	  -83.43 	 
0.483999997	  0.135 	  -82.25 	 
0.486199997	  0.136 	  -80.83 	 
0.488399997	  0.137 	  -79.10 	 
0.490599997	  0.138 	  -77.17 	 
0.492799997	  0.141 	  -74.97 	 
0.494999997	  0.142 	  -72.59 	 
0.497199997	  0.143 	  -70.18 	 
0.499399997	  0.146 	  -67.60 	 
0.501599997	  0.147 	  -65.01 	 
0.503799997	  0.150 	  -62.36 	 
0.505999997	  0.153 	  -59.66 	 
0.508199997	  0.156 	  -57.02 	 
0.510399997	  0.158 	  -54.54 	 
0.512599997	  0.161 	  -51.97 	 
0.514799997	  0.164 	  -49.60 	 
0.516999997	  0.167 	  -47.42 	 
0.519199997	  0.169 	  -45.37 	 
0.521399997	  0.172 	  -43.53 	 
0.523599997	  0.174 	  -41.94 	 
0.525799997	  0.176 	  -40.59 	 
0.527999997	  0.177 	  -39.48 	 
0.530199997	  0.179 	  -38.62 	 
0.532399997	  0.180 	  -38.01 	 
0.534599997	  0.181 	  -37.77 	 
0.536799997	  0.182 	  -37.76 	 
0.538999997	  0.182 	  -37.99 	 
0.541199997	  0.182 	  -38.52 	 
0.543399997	  0.181 	  -39.34 	 
0.545599997	  0.181 	  -40.44 	 
0.547799997	  0.180 	  -41.87 	 
0.549999997	  0.178 	  -43.49 	 
0.552199997	  0.177 	  -45.33 	 
0.554399997	  0.176 	  -47.39 	 
0.556599997	  0.174 	  -49.63 	 
0.558799997	  0.172 	  -52.11 	 
0.560999997	  0.169 	  -54.57 	 
0.563199997	  0.167 	  -57.21 	 
0.565399997	  0.164 	  -59.81 	 
0.567599997	  0.162 	  -62.39 	 
0.569799997	  0.159 	  -65.08 	 
0.571999997	  0.156 	  -67.62 	 
0.574199997	  0.153 	  -70.18 	 
0.576399997	  0.150 	  -72.57 	 
0.578599997	  0.148 	  -74.92 	 
0.580799997	  0.146 	  -76.93 	 
0.582999997	  0.144 	  -78.90 	 
0.585199997	  0.142 	  -80.53 	 
0.587399997	  0.140 	  -82.05 	 
0.589599997	  0.138 	  -83.25 	 
0.591799997	  0.137 	  -84.27 	 
0.593999997	  0.136 	  -84.93 	 
0.596199997	  0.135 	  -85.35 	 
0.598399997	  0.135 	  -85.46 	 
0.600599997	  0.135 	  -85.30 	 
0.602799997	  0.135 	  -84.89 	 
0.604999997	  0.135 	  -84.18 	 
0.607199997	  0.135 	  -83.24 	 
0.609399997	  0.136 	  -82.02 	 
0.611599997	  0.136 	  -80.54 	 
0.613799997	  0.138 	  -78.73 	 
0.615999997	  0.139 	  -76.69 	 
0.618199997	  0.140 	  -74.50 	 
0.620399997	  0.142 	  -72.12 	 
0.622599997	  0.144 	  -69.75 	 
0.624799997	  0.147 	  -67.16 	 
0.626999997	  0.148 	  -64.51 	 
0.629199997	  0.151 	  -61.90 	 
0.631399997	  0.153 	  -59.17 	 
0.633599997	  0.156 	  -56.55 	 
0.635799997	  0.158 	  -53.99 	 
0.637999997	  0.161 	  -51.58 	 
0.640199997	  0.164 	  -49.19 	 
0.642399997	  0.166 	  -47.00 	 
0.644599997	  0.169 	  -45.03 	 
0.646799996	  0.172 	  -43.21 	 
0.648999996	  0.173 	  -41.64 	 
0.651199996	  0.176 	  -40.34 	 
0.653399996	  0.177 	  -39.28 	 
0.655599996	  0.180 	  -38.47 	 
0.657799996	  0.180 	  -37.96 	 
0.659999996	  0.181 	  -37.69 	 
0.662199996	  0.182 	  -37.76 	 
0.664399996	  0.182 	  -38.06 	 
0.666599996	  0.181 	  -38.63 	 
0.668799996	  0.181 	  -39.56 	 
0.670999996	  0.180 	  -40.69 	 
0.673199996	  0.180 	  -42.10 	 
0.675399996	  0.179 	  -43.77 	 
0.677599996	  0.177 	  -45.69 	 
0.679799996	  0.175 	  -47.81 	 
0.681999996	  0.173 	  -50.10 	 
0.684199996	  0.171 	  -52.52 	 
0.686399996	  0.169 	  -55.00 	 
0.688599996	  0.166 	  -57.57 	 
0.690799996	  0.164 	  -60.30 	 
0.692999996	  0.161 	  -62.91 	 
0.695199996	  0.159 	  -65.56 	 
0.697399996	  0.155 	  -68.12 	 
0.699599996	  0.153 	  -70.57 	 
0.701799996	  0.150 	  -72.97 	 
0.703999996	  0.147 	  -75.18 	 
0.706199996	  0.146 	  -77.26 	 
0.708399996	  0.144 	  -79.14 	 
0.710599996	  0.142 	  -80.85 	 
0.712799996	  0.140 	  -82.22 	 
0.714999996	  0.137 	  -83.46 	 
0.717199996	  0.137 	  -84.37 	 
0.719399996	  0.136 	  -85.03 	 
0.721599996	  0.135 	  -85.35 	 
0.723799996	  0.134 	  -85.44 	 
0.725999996	  0.135 	  -85.24 	 
0.728199996	  0.135 	  -84.78 	 
0.730399996	  0.134 	  -84.08 	 
0.732599996	  0.135 	  -82.99 	 
0.734799996	  0.135 	  -81.67 	 
0.736999996	  0.137 	  -80.11 	 
0.739199996	  0.138 	  -78.36 	 
0.741399996	  0.138 	  -76.32 	 
0.743599996	  0.140 	  -74.11 	 
0.745799996	  0.142 	  -71.72 	 
0.747999996	  0.144 	  -69.16 	 
0.750199996	  0.146 	  -66.70 	 
0.752399996	  0.149 	  -63.98 	 
0.754599996	  0.151 	  -61.33 	 
0.756799996	  0.153 	  -58.74 	 
0.758999996	  0.156 	  -56.03 	 
0.761199996	  0.158 	  -53.54 	 
0.763399996	  0.161 	  -51.08 	 
0.765599996	  0.164 	  -48.82 	 
0.767799996	  0.167 	  -46.62 	 
0.769999996	  0.169 	  -44.65 	 
0.772199996	  0.172 	  -42.91 	 
0.774399996	  0.174 	  -41.36 	 
0.776599996	  0.176 	  -40.09 	 
0.778799996	  0.177 	  -39.05 	 
0.780999996	  0.179 	  -38.33 	 
0.783199996	  0.181 	  -37.90 	 
0.785399996	  0.181 	  -37.72 	 
0.787599996	  0.182 	  -37.80 	 
0.789799996	  0.182 	  -38.19 	 
0.791999996	  0.182 	  -38.78 	 
0.794199996	  0.181 	  -39.68 	 
0.796399996	  0.180 	  -40.95 	 
0.798599996	  0.180 	  -42.40 	 
0.800799996	  0.178 	  -44.11 	 
0.802999996	  0.177 	  -46.10 	 
0.805199996	  0.175 	  -48.19 	 
0.807399996	  0.173 	  -50.52 	 
0.809599996	  0.171 	  -52.98 	 
0.811799996	  0.168 	  -55.52 	 
0.813999996	  0.166 	  -58.10 	 
0.816199996	  0.164 	  -60.72 	 
0.818399996	  0.160 	  -63.34 	 
0.820599996	  0.158 	  -65.95 	 
0.822799996	  0.155 	  -68.60 	 
0.824999996	  0.153 	  -71.02 	 
0.827199996	  0.150 	  -73.42 	 
0.829399996	  0.147 	  -75.63 	 
0.831599995	  0.145 	  -77.62 	 
0.833799995	  0.144 	  -79.46 	 
0.835999995	  0.141 	  -81.07 	 
0.838199995	  0.139 	  -82.48 	 
0.840399995	  0.138 	  -83.57 	 
0.842599995	  0.137 	  -84.54 	 
0.844799995	  0.136 	  -85.05 	 
0.846999995	  0.135 	  -85.42 	 
0.849199995	  0.135 	  -85.46 	 
0.851399995	  0.134 	  -85.19 	 
0.853599995	  0.135 	  -84.67 	 
0.855799995	  0.134 	  -83.84 	 
0.857999995	  0.135 	  -82.82 	 
0.860199995	  0.136 	  -81.45 	 
0.862399995	  0.137 	  -79.95 	 
0.864599995	  0.138 	  -78.06 	 
0.866799995	  0.139 	  -75.97 	 
0.868999995	  0.141 	  -73.71 	 
0.871199995	  0.142 	  -71.26 	 
0.873399995	  0.144 	  -68.75 	 
0.875599995	  0.147 	  -66.18 	 
0.877799995	  0.149 	  -63.54 	 
0.879999995	  0.151 	  -60.92 	 
0.882199995	  0.154 	  -58.28 	 
0.884399995	  0.156 	  -55.65 	 
0.886599995	  0.159 	  -53.12 	 
0.888799995	  0.161 	  -50.73 	 
0.890999995	  0.165 	  -48.42 	 
0.893199995	  0.168 	  -46.27 	 
0.895399995	  0.170 	  -44.40 	 
0.897599995	  0.172 	  -42.68 	 
0.899799995	  0.175 	  -41.13 	 
0.901999995	  0.177 	  -39.93 	 
0.904199995	  0.178 	  -39.00 	 
0.906399995	  0.179 	  -38.27 	 
0.908599995	  0.180 	  -37.86 	 
0.910799995	  0.182 	  -37.74 	 
0.912999995	  0.182 	  -37.90 	 
0.915199995	  0.182 	  -38.27 	 
0.917399995	  0.181 	  -38.98 	 
0.919599995	  0.181 	  -39.94 	 
0.921799995	  0.180 	  -41.23 	 
0.923999995	  0.179 	  -42.74 	 
0.926199995	  0.178 	  -44.56 	 
0.928399995	  0.176 	  -46.52 	 
0.930599995	  0.174 	  -48.68 	 
0.932799995	  0.172 	  -50.96 	 
0.934999995	  0.170 	  -53.40 	 
0.937199995	  0.168 	  -56.04 	 
0.939399995	  0.165 	  -58.62 	 
0.941599995	  0.162 	  -61.28 	 
0.943799995	  0.160 	  -63.91 	 
0.945999995	  0.157 	  -66.47 	 
0.948199995	  0.155 	  -69.03 	 
0.950399995	  0.152 	  -71.48 	 
0.952599995	  0.150 	  -73.80 	 
0.954799995	  0.147 	  -75.96 	 
0.956999995	  0.144 	  -77.99 	 
0.959199995	  0.143 	  -79.76 	 
0.961399995	  0.141 	  -81.40 	 
0.963599995	  0.139 	  -82.71 	 
0.965799995	  0.138 	  -83.81 	 
0.967999995	  0.136 	  -84.62 	 
0.970199995	  0.136 	  -85.18 	 
0.972399995	  0.135 	  -85.39 	 
0.974599995	  0.135 	  -85.35 	 
0.976799995	  0.135 	  -85.10 	 
0.978999995	  0.134 	  -84.51 	 
0.981199995	  0.135 	  -83.74 	 
0.983399995	  0.135 	  -82.61 	 
0.985599995	  0.136 	  -81.28 	 
0.987799995	  0.137 	  -79.58 	 
0.989999995	  0.138 	  -77.68 	 
0.992199995	  0.139 	  -75.52 	 
0.994399995	  0.140 	  -73.18 	 
0.996599995	  0.144 	  -70.83 	 
0.998799995	  0.145 	  -68.28 	 
1.000999995	  0.147 	  -65.75 	 
1.003199995	  0.149 	  -63.10 	 
1.005399995	  0.152 	  -60.44 	 
1.007599995	  0.154 	  -57.76 	 
1.009799995	  0.157 	  -55.20 	 
1.011999995	  0.160 	  -52.67 	 
1.014199995	  0.162 	  -50.24 	 
1.016399994	  0.166 	  -48.01 	 
1.018599994	  0.168 	  -45.94 	 
1.020799994	  0.170 	  -44.01 	 
1.022999994	  0.172 	  -42.36 	 
1.025199994	  0.175 	  -40.95 	 
1.027399994	  0.176 	  -39.77 	 
1.029599994	  0.179 	  -38.85 	 
1.031799994	  0.180 	  -38.18 	 
1.033999994	  0.181 	  -37.83 	 
1.036199994	  0.181 	  -37.75 	 
1.038399994	  0.182 	  -37.91 	 
1.040599994	  0.182 	  -38.33 	 
1.042799994	  0.182 	  -39.15 	 
1.044999994	  0.181 	  -40.17 	 
1.047199994	  0.181 	  -41.43 	 
1.049399994	  0.179 	  -43.11 	 
1.051599994	  0.178 	  -44.85 	 
1.053799994	  0.176 	  -46.85 	 
1.055999994	  0.175 	  -49.03 	 
1.058199994	  0.172 	  -51.37 	 
1.060399994	  0.170 	  -53.91 	 
1.062599994	  0.167 	  -56.47 	 
1.064799994	  0.165 	  -59.06 	 
1.066999994	  0.163 	  -61.69 	 
1.069199994	  0.159 	  -64.35 	 
1.071399994	  0.156 	  -66.96 	 
1.073599994	  0.154 	  -69.49 	 
1.075799994	  0.151 	  -71.98 	 
1.077999994	  0.149 	  -74.27 	 
1.080199994	  0.147 	  -76.41 	 
1.082399994	  0.145 	  -78.36 	 
1.084599994	  0.142 	  -80.08 	 
1.086799994	  0.140 	  -81.62 	 
1.088999994	  0.139 	  -82.93 	 
1.091199994	  0.137 	  -83.97 	 
1.093399994	  0.137 	  -84.71 	 
1.095599994	  0.136 	  -85.28 	 
1.097799994	  0.135 	  -85.44 	 
1.099999994	  0.135 	  -85.37 	 
1.102199994	  0.134 	  -85.03 	 
1.104399994	  0.134 	  -84.47 	 
1.106599994	  0.135 	  -83.59 	 
1.108799994	  0.135 	  -82.47 	 
1.110999994	  0.136 	  -80.98 	 
1.113199994	  0.138 	  -79.25 	 
1.115399994	  0.138 	  -77.25 	 
1.117599994	  0.140 	  -75.08 	 
1.119799994	  0.141 	  -72.76 	 
1.121999994	  0.144 	  -70.40 	 
1.124199994	  0.145 	  -67.89 	 
1.126399994	  0.147 	  -65.27 	 
1.128599994	  0.150 	  -62.58 	 
1.130799994	  0.152 	  -59.90 	 
1.132999994	  0.154 	  -57.23 	 
1.135199994	  0.158 	  -54.69 	 
1.137399994	  0.160 	  -52.20 	 
1.139599994	  0.163 	  -49.83 	 
1.141799994	  0.166 	  -47.61 	 
1.143999994	  0.168 	  -45.53 	 
1.146199994	  0.171 	  -43.73 	 
1.148399994	  0.174 	  -42.07 	 
1.150599994	  0.175 	  -40.67 	 
1.152799994	  0.177 	  -39.53 	 
1.154999994	  0.179 	  -38.65 	 
1.157199994	  0.181 	  -38.08 	 
1.159399994	  0.181 	  -37.73 	 
1.161599994	  0.181 	  -37.71 	 
1.163799994	  0.182 	  -37.98 	 
1.165999994	  0.181 	  -38.47 	 
1.168199994	  0.181 	  -39.26 	 
1.170399994	  0.180 	  -40.40 	 
1.172599994	  0.180 	  -41.72 	 
1.174799994	  0.179 	  -43.29 	 
1.176999994	  0.178 	  -45.22 	 
1.179199994	  0.175 	  -47.20 	 
1.181399994	  0.174 	  -49.54 	 
1.183599994	  0.172 	  -51.86 	 
1.185799994	  0.169 	  -54.33 	 
1.187999994	  0.167 	  -56.90 	 
1.190199994	  0.164 	  -59.51 	 
1.192399994	  0.162 	  -62.20 	 
1.194599994	  0.159 	  -64.80 	 
1.196799994	  0.156 	  -67.48 	 
1.198999994	  0.153 	  -69.94 	 
1.201199993	  0.151 	  -72.33 	 
1.203399993	  0.148 	  -74.61 	 
1.205599993	  0.147 	  -76.70 	 
1.207799993	  0.144 	  -78.64 	 
1.209999993	  0.142 	  -80.38 	 
1.212199993	  0.139 	  -81.87 	 
1.214399993	  0.138 	  -83.13 	 
1.216599993	  0.137 	  -84.17 	 
1.218799993	  0.136 	  -84.81 	 
1.220999993	  0.135 	  -85.33 	 
1.223199993	  0.134 	  -85.47 	 
1.225399993	  0.135 	  -85.41 	 
1.227599993	  0.134 	  -85.01 	 
1.229799993	  0.135 	  -84.39 	 
1.231999993	  0.135 	  -83.38 	 
1.234199993	  0.135 	  -82.08 	 
1.236399993	  0.136 	  -80.55 	 
1.238599993	  0.138 	  -78.75 	 
1.240799993	  0.139 	  -76.85 	 
1.242999993	  0.140 	  -74.72 	 
1.245199993	  0.142 	  -72.48 	 
1.247399993	  0.143 	  -69.96 	 
1.249599993	  0.145 	  -67.40 	 
1.251799993	  0.148 	  -64.74 	 
1.253999993	  0.150 	  -62.03 	 
1.256199993	  0.153 	  -59.40 	 
1.258399993	  0.156 	  -56.81 	 
1.260599993	  0.158 	  -54.23 	 
1.262799993	  0.161 	  -51.77 	 
1.264999993	  0.164 	  -49.45 	 
1.267199993	  0.166 	  -47.21 	 
1.269399993	  0.168 	  -45.21 	 
1.271599993	  0.171 	  -43.36 	 
1.273799993	  0.173 	  -41.83 	 
1.275999993	  0.175 	  -40.44 	 
1.278199993	  0.177 	  -39.33 	 
1.280399993	  0.179 	  -38.49 	 
1.282599993	  0.180 	  -37.99 	 
1.284799993	  0.181 	  -37.72 	 
1.286999993	  0.182 	  -37.74 	 
1.289199993	  0.182 	  -38.07 	 
1.291399993	  0.182 	  -38.60 	 
1.293599993	  0.181 	  -39.44 	 
1.295799993	  0.180 	  -40.58 	 
1.297999993	  0.180 	  -42.00 	 
1.300199993	  0.179 	  -43.62 	 
1.302399993	  0.177 	  -45.57 	 
1.304599993	  0.175 	  -47.65 	 
1.306799993	  0.174 	  -49.88 	 
1.308999993	  0.171 	  -52.28 	 
1.311199993	  0.169 	  -54.76 	 
1.313399993	  0.166 	  -57.44 	 
1.315599993	  0.164 	  -60.05 	 
1.317799993	  0.161 	  -62.74 	 
1.319999993	  0.158 	  -65.30 	 
1.322199993	  0.156 	  -67.88 	 
1.324399993	  0.153 	  -70.35 	 
1.326599993	  0.151 	  -72.73 	 
1.328799993	  0.149 	  -75.00 	 
1.330999993	  0.146 	  -77.07 	 
1.333199993	  0.143 	  -79.01 	 
1.335399993	  0.141 	  -80.69 	 
1.337599993	  0.139 	  -82.21 	 
1.339799993	  0.139 	  -83.35 	 
1.341999993	  0.136 	  -84.35 	 
1.344199993	  0.135 	  -84.99 	 
1.346399993	  0.135 	  -85.38 	 
1.348599993	  0.135 	  -85.48 	 
1.350799993	  0.134 	  -85.28 	 
1.352999993	  0.134 	  -84.85 	 
1.355199993	  0.135 	  -84.11 	 
1.357399993	  0.135 	  -83.19 	 
1.359599993	  0.136 	  -81.87 	 
1.361799993	  0.136 	  -80.43 	 
1.363999993	  0.138 	  -78.58 	 
1.366199993	  0.138 	  -76.52 	 
1.368399993	  0.140 	  -74.32 	 
1.370599993	  0.142 	  -71.98 	 
1.372799993	  0.143 	  -69.55 	 
1.374999993	  0.146 	  -66.95 	 
1.377199993	  0.149 	  -64.33 	 
1.379399993	  0.151 	  -61.64 	 
1.381599993	  0.153 	  -58.97 	 
1.383799993	  0.155 	  -56.35 	 
1.385999992	  0.158 	  -53.76 	 
1.388199992	  0.161 	  -51.37 	 
1.390399992	  0.164 	  -49.05 	 
1.392599992	  0.167 	  -46.82 	 
1.394799992	  0.169 	  -44.89 	 
1.396999992	  0.172 	  -43.12 	 
1.399199992	  0.174 	  -41.52 	 
1.401399992	  0.175 	  -40.25 	 
1.403599992	  0.178 	  -39.22 	 
1.405799992	  0.179 	  -38.41 	 
1.407999992	  0.180 	  -37.95 	 
1.410199992	  0.181 	  -37.75 	 
1.412399992	  0.182 	  -37.81 	 
1.414599992	  0.181 	  -38.12 	 
1.416799992	  0.181 	  -38.71 	 
1.418999992	  0.181 	  -39.68 	 
1.421199992	  0.180 	  -40.83 	 
1.423399992	  0.179 	  -42.24 	 
1.425599992	  0.178 	  -43.98 	 
1.427799992	  0.177 	  -45.89 	 
1.429999992	  0.175 	  -48.09 	 
1.432199992	  0.173 	  -50.35 	 
1.434399992	  0.171 	  -52.76 	 
1.436599992	  0.168 	  -55.28 	 
1.438799992	  0.166 	  -57.80 	 
1.440999992	  0.163 	  -60.54 	 
1.443199992	  0.161 	  -63.18 	 
1.445399992	  0.158 	  -65.85 	 
1.447599992	  0.155 	  -68.37 	 
1.449799992	  0.152 	  -70.88 	 
1.451999992	  0.150 	  -73.22 	 
1.454199992	  0.147 	  -75.40 	 
1.456399992	  0.145 	  -77.46 	 
1.458599992	  0.143 	  -79.28 	 
1.460799992	  0.141 	  -81.01 	 
1.462999992	  0.139 	  -82.41 	 
1.465199992	  0.138 	  -83.59 	 
1.467399992	  0.137 	  -84.45 	 
1.469599992	  0.136 	  -85.13 	 
1.471799992	  0.135 	  -85.39 	 
1.473999992	  0.134 	  -85.51 	 
1.476199992	  0.134 	  -85.29 	 
1.478399992	  0.134 	  -84.83 	 
1.480599992	  0.135 	  -84.04 	 
1.482799992	  0.135 	  -83.00 	 
1.484999992	  0.136 	  -81.62 	 
1.487199992	  0.136 	  -79.96 	 
1.489399992	  0.138 	  -78.16 	 
1.491599992	  0.139 	  -76.11 	 
1.493799992	  0.140 	  -73.97 	 
1.495999992	  0.142 	  -71.56 	 
1.498199992	  0.144 	  -68.99 	 
1.500399992	  0.146 	  -66.39 	 
1.502599992	  0.148 	  -63.75 	 
1.504799992	  0.151 	  -61.12 	 
1.506999992	  0.154 	  -58.51 	 
1.509199992	  0.156 	  -55.88 	 
1.511399992	  0.159 	  -53.33 	 
1.513599992	  0.161 	  -50.90 	 
1.515799992	  0.165 	  -48.63 	 
1.517999992	  0.167 	  -46.47 	 
1.520199992	  0.169 	  -44.48 	 
1.522399992	  0.173 	  -42.81 	 
1.524599992	  0.174 	  -41.31 	 
1.526799992	  0.176 	  -40.01 	 
1.528999992	  0.178 	  -39.02 	 
1.531199992	  0.179 	  -38.32 	 
1.533399992	  0.180 	  -37.87 	 
1.535599992	  0.181 	  -37.71 	 
1.537799992	  0.181 	  -37.83 	 
1.539999992	  0.181 	  -38.23 	 
1.542199992	  0.181 	  -38.88 	 
1.544399992	  0.180 	  -39.83 	 
1.546599992	  0.180 	  -41.10 	 
1.548799992	  0.180 	  -42.60 	 
1.550999992	  0.178 	  -44.29 	 
1.553199992	  0.177 	  -46.30 	 
1.555399992	  0.175 	  -48.44 	 
1.557599992	  0.172 	  -50.84 	 
1.559799992	  0.171 	  -53.20 	 
1.561999992	  0.168 	  -55.76 	 
1.564199992	  0.166 	  -58.35 	 
1.566399992	  0.163 	  -60.93 	 
1.568599992	  0.159 	  -63.69 	 
1.570799991	  0.158 	  -66.26 	 
1.572999991	  0.155 	  -68.89 	 
1.575199991	  0.152 	  -71.32 	 
1.577399991	  0.149 	  -73.68 	 
1.579599991	  0.147 	  -75.81 	 
1.581799991	  0.145 	  -77.85 	 
1.583999991	  0.142 	  -79.67 	 
1.586199991	  0.141 	  -81.27 	 
1.588399991	  0.139 	  -82.63 	 
1.590599991	  0.137 	  -83.70 	 
1.592799991	  0.136 	  -84.56 	 
1.594999991	  0.135 	  -85.13 	 
1.597199991	  0.134 	  -85.50 	 
1.599399991	  0.135 	  -85.45 	 
1.601599991	  0.134 	  -85.26 	 
1.603799991	  0.134 	  -84.69 	 
1.605999991	  0.135 	  -83.92 	 
1.608199991	  0.135 	  -82.78 	 
1.610399991	  0.136 	  -81.38 	 
1.612599991	  0.137 	  -79.67 	 
1.614799991	  0.137 	  -77.79 	 
1.616999991	  0.140 	  -75.81 	 
1.619199991	  0.141 	  -73.49 	 
1.621399991	  0.143 	  -71.16 	 
1.623599991	  0.144 	  -68.56 	 
1.625799991	  0.147 	  -65.93 	 
1.627999991	  0.149 	  -63.31 	 
1.630199991	  0.152 	  -60.65 	 
1.632399991	  0.154 	  -57.99 	 
1.634599991	  0.157 	  -55.38 	 
1.636799991	  0.159 	  -52.92 	 
1.638999991	  0.162 	  -50.47 	 
1.641199991	  0.164 	  -48.20 	 
1.643399991	  0.167 	  -46.08 	 
1.645599991	  0.169 	  -44.20 	 
1.647799991	  0.173 	  -42.48 	 
1.649999991	  0.175 	  -41.04 	 
1.652199991	  0.177 	  -39.83 	 
1.654399991	  0.178 	  -38.83 	 
1.656599991	  0.179 	  -38.19 	 
1.658799991	  0.181 	  -37.77 	 
1.660999991	  0.181 	  -37.70 	 
1.663199991	  0.181 	  -37.86 	 
1.665399991	  0.181 	  -38.26 	 
1.667599991	  0.181 	  -39.03 	 
1.669799991	  0.181 	  -40.05 	 
1.671999991	  0.180 	  -41.30 	 
1.674199991	  0.179 	  -42.86 	 
1.676399991	  0.177 	  -44.63 	 
1.678599991	  0.176 	  -46.63 	 
1.680799991	  0.174 	  -48.84 	 
1.682999991	  0.172 	  -51.23 	 
1.685199991	  0.170 	  -53.66 	 
1.687399991	  0.167 	  -56.18 	 
1.689599991	  0.165 	  -58.83 	 
1.691799991	  0.162 	  -61.42 	 
1.693999991	  0.159 	  -64.13 	 
1.696199991	  0.157 	  -66.71 	 
1.698399991	  0.154 	  -69.29 	 
1.700599991	  0.151 	  -71.71 	 
1.702799991	  0.149 	  -74.08 	 
1.704999991	  0.146 	  -76.21 	 
1.707199991	  0.144 	  -78.17 	 
1.709399991	  0.142 	  -79.98 	 
1.711599991	  0.140 	  -81.47 	 
1.713799991	  0.139 	  -82.81 	 
1.715999991	  0.137 	  -83.86 	 
1.718199991	  0.136 	  -84.65 	 
1.720399991	  0.136 	  -85.16 	 
1.722599991	  0.135 	  -85.41 	 
1.724799991	  0.134 	  -85.35 	 
1.726999991	  0.134 	  -85.08 	 
1.729199991	  0.134 	  -84.51 	 
1.731399991	  0.135 	  -83.70 	 
1.733599991	  0.135 	  -82.53 	 
1.735799991	  0.136 	  -81.15 	 
1.737999991	  0.137 	  -79.41 	 
1.740199991	  0.138 	  -77.42 	 
1.742399991	  0.139 	  -75.32 	 
1.744599991	  0.141 	  -73.06 	 
1.746799991	  0.143 	  -70.68 	 
1.748999991	  0.145 	  -68.14 	 
1.751199991	  0.147 	  -65.47 	 
1.753399990	  0.150 	  -62.87 	 
1.755599990	  0.152 	  -60.15 	 
1.757799990	  0.155 	  -57.47 	 
1.759999990	  0.158 	  -54.88 	 
1.762199990	  0.160 	  -52.45 	 
1.764399990	  0.162 	  -50.07 	 
1.766599990	  0.165 	  -47.76 	 
1.768799990	  0.167 	  -45.78 	 
1.770999990	  0.170 	  -43.86 	 
1.773199990	  0.173 	  -42.21 	 
1.775399990	  0.174 	  -40.77 	 
1.777599990	  0.176 	  -39.64 	 
1.779799990	  0.178 	  -38.71 	 
1.781999990	  0.179 	  -38.11 	 
1.784199990	  0.180 	  -37.75 	 
1.786399990	  0.181 	  -37.73 	 
1.788599990	  0.182 	  -37.95 	 
1.790799990	  0.181 	  -38.41 	 
1.792999990	  0.181 	  -39.15 	 
1.795199990	  0.181 	  -40.27 	 
1.797399990	  0.180 	  -41.61 	 
1.799599990	  0.179 	  -43.15 	 
1.801799990	  0.177 	  -45.00 	 
1.803999990	  0.175 	  -47.00 	 
1.806199990	  0.173 	  -49.30 	 
1.808399990	  0.172 	  -51.67 	 
1.810599990	  0.169 	  -54.16 	 
1.812799990	  0.167 	  -56.69 	 
1.814999990	  0.164 	  -59.25 	 
1.817199990	  0.162 	  -61.95 	 
1.819399990	  0.159 	  -64.53 	 
1.821599990	  0.156 	  -67.25 	 
1.823799990	  0.154 	  -69.72 	 
1.825999990	  0.151 	  -72.20 	 
1.828199990	  0.149 	  -74.47 	 
1.830399990	  0.146 	  -76.61 	 
1.832599990	  0.144 	  -78.52 	 
1.834799990	  0.142 	  -80.25 	 
1.836999990	  0.140 	  -81.78 	 
1.839199990	  0.138 	  -83.00 	 
1.841399990	  0.136 	  -84.05 	 
1.843599990	  0.136 	  -84.76 	 
1.845799990	  0.135 	  -85.27 	 
1.847999990	  0.134 	  -85.44 	 
1.850199990	  0.134 	  -85.40 	 
1.852399990	  0.134 	  -85.02 	 
1.854599990	  0.134 	  -84.47 	 
1.856799990	  0.134 	  -83.51 	 
1.858999990	  0.135 	  -82.25 	 
1.861199990	  0.136 	  -80.78 	 
1.863399990	  0.137 	  -78.96 	 
1.865599990	  0.138 	  -77.08 	 
1.867799990	  0.140 	  -74.94 	 
1.869999990	  0.142 	  -72.73 	 
1.872199990	  0.143 	  -70.20 	 
1.874399990	  0.145 	  -67.60 	 
1.876599990	  0.147 	  -65.04 	 
1.878799990	  0.150 	  -62.28 	 
1.880999990	  0.152 	  -59.68 	 
1.883199990	  0.154 	  -57.07 	 
1.885399990	  0.157 	  -54.47 	 
1.887599990	  0.160 	  -52.02 	 
1.889799990	  0.163 	  -49.68 	 
1.891999990	  0.165 	  -47.45 	 
1.894199990	  0.168 	  -45.39 	 
1.896399990	  0.170 	  -43.56 	 
1.898599990	  0.173 	  -41.97 	 
1.900799990	  0.175 	  -40.56 	 
1.902999990	  0.176 	  -39.44 	 
1.905199990	  0.178 	  -38.60 	 
1.907399990	  0.180 	  -38.07 	 
1.909599990	  0.181 	  -37.77 	 
1.911799990	  0.181 	  -37.74 	 
1.913999990	  0.181 	  -38.04 	 
1.916199990	  0.181 	  -38.58 	 
1.918399990	  0.181 	  -39.35 	 
1.920599990	  0.180 	  -40.51 	 
1.922799990	  0.179 	  -41.89 	 
1.924999990	  0.178 	  -43.50 	 
1.927199990	  0.177 	  -45.44 	 
1.929399990	  0.175 	  -47.48 	 
1.931599990	  0.173 	  -49.71 	 
1.933799990	  0.172 	  -52.04 	 
1.935999990	  0.169 	  -54.51 	 
1.938199989	  0.167 	  -57.13 	 
1.940399989	  0.163 	  -59.77 	 
1.942599989	  0.161 	  -62.51 	 
1.944799989	  0.158 	  -65.12 	 
1.946999989	  0.155 	  -67.71 	 
1.949199989	  0.153 	  -70.19 	 
1.951399989	  0.150 	  -72.53 	 
1.953599989	  0.147 	  -74.78 	 
1.955799989	  0.145 	  -76.88 	 
1.957999989	  0.144 	  -78.78 	 
1.960199989	  0.141 	  -80.48 	 
1.962399989	  0.140 	  -82.02 	 
1.964599989	  0.138 	  -83.21 	 
1.966799989	  0.137 	  -84.21 	 
1.968999989	  0.136 	  -84.91 	 
1.971199989	  0.134 	  -85.34 	 
1.973399989	  0.134 	  -85.46 	 
1.975599989	  0.134 	  -85.33 	 
1.977799989	  0.134 	  -84.93 	 
1.979999989	  0.135 	  -84.23 	 
1.982199989	  0.134 	  -83.22 	 
1.984399989	  0.135 	  -81.95 	 
1.986599989	  0.136 	  -80.39 	 
1.988799989	  0.137 	  -78.68 	 
1.990999989	  0.138 	  -76.76 	 
1.993199989	  0.139 	  -74.57 	 
1.995399989	  0.142 	  -72.28 	 
1.997599989	  0.144 	  -69.71 	 
1.999799989	  0.145 	  -67.08 	 
2.001999989	  0.148 	  -64.51 	 
2.004199989	  0.150 	  -61.82 	 
2.006399989	  0.153 	  -59.18 	 
2.008599989	  0.155 	  -56.65 	 
2.010799989	  0.158 	  -54.01 	 
2.012999989	  0.161 	  -51.56 	 
2.015199989	  0.164 	  -49.28 	 
2.017399989	  0.166 	  -47.04 	 
2.019599989	  0.168 	  -45.02 	 
2.021799989	  0.171 	  -43.23 	 
2.023999989	  0.173 	  -41.71 	 
2.026199989	  0.176 	  -40.33 	 
2.028399989	  0.177 	  -39.28 	 
2.030599989	  0.179 	  -38.54 	 
2.032799989	  0.180 	  -38.00 	 
2.034999989	  0.181 	  -37.74 	 
2.037199989	  0.182 	  -37.79 	 
2.039399989	  0.182 	  -38.12 	 
2.041599989	  0.181 	  -38.68 	 
2.043799989	  0.181 	  -39.53 	 
2.045999989	  0.181 	  -40.75 	 
2.048199989	  0.179 	  -42.17 	 
2.050399989	  0.178 	  -43.80 	 
2.052599989	  0.176 	  -45.73 	 
2.054799989	  0.175 	  -47.81 	 
2.056999989	  0.173 	  -50.20 	 
2.059199989	  0.171 	  -52.53 	 
2.061399989	  0.169 	  -55.06 	 
2.063599989	  0.166 	  -57.61 	 
2.065799989	  0.163 	  -60.20 	 
2.067999989	  0.161 	  -62.94 	 
2.070199989	  0.158 	  -65.52 	 
2.072399989	  0.155 	  -68.15 	 
2.074599989	  0.152 	  -70.64 	 
2.076799989	  0.150 	  -73.06 	 
2.078999989	  0.147 	  -75.21 	 
2.081199989	  0.145 	  -77.35 	 
2.083399989	  0.143 	  -79.17 	 
2.085599989	  0.141 	  -80.86 	 
2.087799989	  0.139 	  -82.30 	 
2.089999989	  0.137 	  -83.49 	 
2.092199989	  0.136 	  -84.38 	 
2.094399989	  0.135 	  -85.00 	 
2.096599989	  0.135 	  -85.38 	 
2.098799989	  0.134 	  -85.44 	 
2.100999989	  0.134 	  -85.24 	 
2.103199989	  0.134 	  -84.78 	 
2.105399989	  0.135 	  -84.03 	 
2.107599989	  0.135 	  -83.02 	 
2.109799989	  0.136 	  -81.76 	 
2.111999989	  0.137 	  -80.18 	 
2.114199989	  0.137 	  -78.45 	 
2.116399989	  0.138 	  -76.42 	 
2.118599989	  0.141 	  -74.22 	 
2.120799989	  0.141 	  -71.81 	 
2.122999988	  0.144 	  -69.24 	 
2.125199988	  0.146 	  -66.61 	 
2.127399988	  0.148 	  -64.01 	 
2.129599988	  0.150 	  -61.41 	 
2.131799988	  0.153 	  -58.74 	 
2.133999988	  0.156 	  -56.08 	 
2.136199988	  0.158 	  -53.58 	 
2.138399988	  0.161 	  -51.12 	 
2.140599988	  0.165 	  -48.80 	 
2.142799988	  0.166 	  -46.65 	 
2.144999988	  0.169 	  -44.67 	 
2.147199988	  0.171 	  -42.94 	 
2.149399988	  0.173 	  -41.40 	 
2.151599988	  0.176 	  -40.09 	 
2.153799988	  0.177 	  -39.10 	 
2.155999988	  0.179 	  -38.36 	 
2.158199988	  0.180 	  -37.84 	 
2.160399988	  0.181 	  -37.72 	 
2.162599988	  0.181 	  -37.79 	 
2.164799988	  0.181 	  -38.16 	 
2.166999988	  0.181 	  -38.75 	 
2.169199988	  0.181 	  -39.76 	 
2.171399988	  0.180 	  -40.89 	 
2.173599988	  0.179 	  -42.35 	 
2.175799988	  0.177 	  -44.11 	 
2.177999988	  0.176 	  -46.03 	 
2.180199988	  0.174 	  -48.25 	 
2.182399988	  0.173 	  -50.54 	 
2.184599988	  0.170 	  -53.01 	 
2.186799988	  0.168 	  -55.48 	 
2.188999988	  0.165 	  -58.07 	 
2.191199988	  0.163 	  -60.76 	 
2.193399988	  0.160 	  -63.39 	 
2.195599988	  0.157 	  -66.10 	 
2.197799988	  0.154 	  -68.60 	 
2.199999988	  0.152 	  -71.08 	 
2.202199988	  0.150 	  -73.45 	 
2.204399988	  0.146 	  -75.62 	 
2.206599988	  0.145 	  -77.63 	 
2.208799988	  0.142 	  -79.50 	 
2.210999988	  0.140 	  -81.10 	 
2.213199988	  0.139 	  -82.49 	 
2.215399988	  0.137 	  -83.64 	 
2.217599988	  0.137 	  -84.49 	 
2.219799988	  0.135 	  -85.11 	 
2.221999988	  0.134 	  -85.41 	 
2.224199988	  0.134 	  -85.50 	 
2.226399988	  0.134 	  -85.24 	 
2.228599988	  0.134 	  -84.78 	 
2.230799988	  0.135 	  -83.94 	 
2.232999988	  0.135 	  -82.85 	 
2.235199988	  0.135 	  -81.44 	 
2.237399988	  0.136 	  -79.80 	 
2.239599988	  0.137 	  -77.96 	 
2.241799988	  0.139 	  -75.95 	 
2.243999988	  0.141 	  -73.80 	 
2.246199988	  0.142 	  -71.32 	 
2.248399988	  0.145 	  -68.81 	 
2.250599988	  0.146 	  -66.19 	 
